NAME	DESCRIPTION	1	2	3	4	5	6	7
ISG15	na	0.26437337803374494	0.6905375908005612	0.09507386723918498	0.027091394926158446	0.19467701499502954	0.6229459911121894	0.6517452178648124
DVL1	na	0.0	0.0	0.0	0.0	0.0	0.0	0.0
ATAD3B	na	0.0	0.0	0.0	0.0	0.0	0.0	0.0
RERE	na	0.0	0.0	0.0	0.0	0.0	0.0	0.0
SLC2A5	na	0.0	0.0	0.0	0.0	0.0	0.0	0.0
CLSTN1	na	0.06080991016565633	0.0850180700002359	0.06277025438526714	0.042906703726933254	0.055873843433055737	0.09144045171838736	0.10458088649694719
EXOSC10	na	0.0	0.0	0.0	0.0	0.0	0.0	0.0
PRDM2	na	0.0	0.0	0.0	0.0	0.0	0.0	0.0
EIF4G3	na	0.0	0.0	0.0	0.0	0.0	0.0	0.0
CNKSR1	na	0.0	0.0	0.0	0.0	0.0	0.0	0.0
UBXN11	na	0.0	0.0	0.0	0.0	0.0	0.0	0.0
EIF3I	na	0.06636822824463585	0.11030074340477278	0.05967890082186295	0.04534488017527517	0.05968038037636755	0.09206751249875116	0.11257247987695923
THRAP3	na	0.0	0.0	0.0	0.0	0.0	0.0	0.0
SNIP1	na	0.0	0.0	0.0	0.0	0.0	0.0	0.0
PABPC4	na	0.10256203225939725	0.17099371399383526	0.06000157255637309	0.069694420500718	0.08149648370223163	0.16374549386697795	0.17450207927090283
CAP1	na	0.1201843928332073	0.2985727871734312	0.07614589923239523	0.040063313353871255	0.10292490465666171	0.2403308680970101	0.27189563617973145
IPP	na	0.0	0.0	0.0	0.0	0.0	0.0	0.0
MAST2	na	0.0	0.0	0.0	0.0	0.0	0.0	0.0
PIK3R3	na	0.055894870285568846	0.08830159135529836	0.05070397056735672	0.06912661923039481	0.057695146258712145	0.09245687086307416	0.09290424620799169
NDC1	na	0.0	0.0	0.0	0.0	0.0	0.0	0.0
JUN	na	0.07117924521199626	0.11637068044904705	0.07001538564906098	0.03974226059711844	0.06741258661980641	0.11895874772432838	0.1459107761906945
SERBP1	na	0.09893713727656502	0.18771769036790953	0.08227706408305174	0.05210054978255522	0.08540711979194832	0.1720469792190184	0.18267534949392206
BCL10	na	0.0	0.0	0.0	0.0	0.0	0.0	0.0
RBMXL1	na	0.0	0.0	0.0	0.0	0.0	0.0	0.0
GBP3	na	0.0	0.0	0.0	0.0	0.0	0.0	0.0
CCDC18	na	0.0	0.0	0.0	0.0	0.0	0.0	0.0
DPYD	na	0.0	0.0	0.0	0.0	0.0	0.0	0.0
PRPF38B	na	0.0	0.0	0.0	0.0	0.0	0.0	0.0
STXBP3	na	0.0	0.0	0.0	0.0	0.0	0.0	0.0
SLC16A4	na	0.0	0.0	0.0	0.0	0.0	0.0	0.0
DDX20	na	0.0	0.0	0.0	0.0	0.0	0.0	0.0
NGF	na	0.0	0.0	0.0	0.0	0.0	0.0	0.0
IGSF3	na	0.04101940118814743	0.07392497180727595	0.04907648548654964	0.04930310025495429	0.044223046776584896	0.06464903346163986	0.08879918479236258
NBPF15	na	0.0	0.0	0.0	0.0	0.0	0.0	0.0
POLR3GL	na	0.0	0.0	0.0	0.0	0.0	0.0	0.0
NBPF12	na	0.0	0.0	0.0	0.0	0.0	0.0	0.0
NBPF11	na	0.0	0.0	0.0	0.0	0.0	0.0	0.0
HIST2H2AA4	na	0.0	0.0	0.0	0.0	0.0	0.0	0.0
HIST2H2BE	na	0.0593312758725274	0.09868782359009567	0.04902015423154829	0.045071040953630015	0.05751953222448555	0.1042229359730007	0.10421317929518303
PRPF3	na	0.05444313166864965	0.08097765106548266	0.05679920113789795	0.04594238001077008	0.050886829889948706	0.06537822474484292	0.09055640564142652
CDC42SE1	na	0.06364218317806121	0.07563803544616857	0.0694113237489039	0.024311871385944886	0.05322871050873241	0.08866759651246207	0.10470913980083454
HAX1	na	0.0	0.0	0.0	0.0	0.0	0.0	0.0
PBXIP1	na	0.052704106343699535	0.06833817971030659	0.05961088217908761	0.039524998471614586	0.04798618816863693	0.049751689536244995	0.08899789876295691
ADAM15	na	0.05855456602651032	0.07387457111917856	0.06090926517055573	0.056237007061111566	0.060726351933842314	0.10112190234976942	0.11782995223633946
EFNA3	na	0.0	0.0	0.0	0.0	0.0	0.0	0.0
THBS3	na	0.0	0.0	0.0	0.0	0.0	0.0	0.0
MTX1	na	0.04247085579686214	0.07839961534236706	0.05338187515907261	0.03896005257522401	0.044228722710489506	0.059044073456766516	0.08673707133605785
SCAMP3	na	0.06316780473387335	0.08693355256781121	0.07522131690356315	0.0450437973895695	0.05495419780883913	0.06214136164768521	0.10104441506438601
ASH1L	na	0.0	0.0	0.0	0.0	0.0	0.0	0.0
YY1AP1	na	0.04748427482193876	0.0643409724511152	0.05481889383641103	0.04880479548447418	0.04665419991982024	0.05243928562146349	0.0882822555211698
MEX3A	na	0.0	0.0	0.0	0.0	0.0	0.0	0.0
LMNA	na	0.09594482606791448	0.13581227538085525	0.08639728159567388	0.032873211604305	0.07823231753601234	0.12906085244337395	0.16347076829327922
PMF1	na	0.0	0.0	0.0	0.0	0.0	0.0	0.0
USP21	na	0.0	0.0	0.0	0.0	0.0	0.0	0.0
RC3H1	na	0.0	0.0	0.0	0.0	0.0	0.0	0.0
CEP350	na	0.0	0.0	0.0	0.0	0.0	0.0	0.0
TPR	na	0.0	0.0	0.0	0.0	0.0	0.0	0.0
ADIPOR1	na	0.0776150399991622	0.10660072875778326	0.06082841461340271	0.05952831757270487	0.0605914858355083	0.08554972314911058	0.12133173109285103
SRGAP2	na	0.0	0.0	0.0	0.0	0.0	0.0	0.0
INTS7	na	0.0	0.0	0.0	0.0	0.0	0.0	0.0
PPP2R5A	na	0.05267361399644711	0.06419151903520824	0.05429799155646318	0.04158580661267011	0.042765296393047665	0.05371729191167909	0.08019305863958918
TMEM63A	na	0.06064340248802352	0.06569808779175715	0.06407124015467776	0.03563942047028305	0.048595912000012724	0.05799627030516254	0.08615268560598607
ARV1	na	0.0	0.0	0.0	0.0	0.0	0.0	0.0
RBM34	na	0.0	0.0	0.0	0.0	0.0	0.0	0.0
ARID4B	na	0.0472605531135147	0.06155618817875223	0.04848550475152613	0.0436190684600966	0.044885482668902785	0.05707322429619564	0.07462386243531709
KMO	na	0.0	0.0	0.0	0.0	0.0	0.0	0.0
OPN3	na	0.0	0.0	0.0	0.0	0.0	0.0	0.0
RPS7	na	0.33843284541862145	1.1614858357338973	1.0679140814955403e-20	0.1496887967248428	0.2403433069693296	0.9372483823352672	0.6900959860144642
PPM1G	na	0.053935945026815604	0.07859966874232849	0.05517880062436882	0.05407355583188021	0.05407992147645578	0.05764985064823394	0.0927096402016224
CEBPZOS	na	0.0	0.0	0.0	0.0	0.0	0.0	0.0
CEBPZ	na	0.0	0.0	0.0	0.0	0.0	0.0	0.0
STON1	na	0.0	0.0	0.0	0.0	0.0	0.0	0.0
SMYD5	na	0.0	0.0	0.0	0.0	0.0	0.0	0.0
CCT7	na	0.06720628378100679	0.1775464889326414	0.05289415420394035	0.056989850088783524	0.07884088105211214	0.15116143548987362	0.17272338967015458
WBP1	na	0.0	0.0	0.0	0.0	0.0	0.0	0.0
MRPL19	na	0.0	0.0	0.0	0.0	0.0	0.0	0.0
GCFC2	na	0.0	0.0	0.0	0.0	0.0	0.0	0.0
ST3GAL5	na	0.0	0.0	0.0	0.0	0.0	0.0	0.0
CHMP3	na	0.04342697160757867	0.07073568216816267	0.04730916783568775	0.04331796916862943	0.04487062013669585	0.07649367123870947	0.08611922870110092
TBC1D8	na	0.0	0.0	0.0	0.0	0.0	0.0	0.0
CBWD2	na	0.0	0.0	0.0	0.0	0.0	0.0	0.0
SLC35F5	na	0.0	0.0	0.0	0.0	0.0	0.0	0.0
RAB3GAP1	na	0.0	0.0	0.0	0.0	0.0	0.0	0.0
FMNL2	na	0.0	0.0	0.0	0.0	0.0	0.0	0.0
BAZ2B	na	0.0	0.0	0.0	0.0	0.0	0.0	0.0
GCA	na	0.0	0.0	0.0	0.0	0.0	0.0	0.0
SP3	na	0.0	0.0	0.0	0.0	0.0	0.0	0.0
RBM45	na	0.0	0.0	0.0	0.0	0.0	0.0	0.0
ZC3H15	na	0.05035909912777409	0.07226626914336023	0.04747417281486948	0.046119313924903656	0.04724381089285559	0.06987683125886439	0.08264399344187859
GTF3C3	na	0.0	0.0	0.0	0.0	0.0	0.0	0.0
NDUFB3	na	0.09884662211289134	0.22537460468327108	0.03160993224568355	0.06239294324057754	0.08262533009685213	0.18735050247480547	0.1642271389945794
GIGYF2	na	0.0	0.0	0.0	0.0	0.0	0.0	0.0
TRAF3IP1	na	0.0	0.0	0.0	0.0	0.0	0.0	0.0
SEPT2	na	0.07766285494725858	0.155869624918837	0.059242120949655044	0.04734942752661134	0.0714987960854852	0.0999983021747255	0.15268801047196273
FARP2	na	0.0	0.0	0.0	0.0	0.0	0.0	0.0
TATDN2	na	0.0	0.0	0.0	0.0	0.0	0.0	0.0
TMEM40	na	0.0	0.0	0.0	0.0	0.0	0.0	0.0
UBE2E1	na	0.0	0.0	0.0	0.0	0.0	0.0	0.0
NGLY1	na	0.0	0.0	0.0	0.0	0.0	0.0	0.0
DYNC1LI1	na	0.0	0.0	0.0	0.0	0.0	0.0	0.0
PDCD6IP	na	0.06178245726952	0.07488537874338509	0.04661969373237611	0.04690757918297361	0.04612779695906591	0.07301476059573563	0.08057003460435946
NKTR	na	0.0	0.0	0.0	0.0	0.0	0.0	0.0
ZBTB47	na	0.0	0.0	0.0	0.0	0.0	0.0	0.0
ATRIP	na	0.0	0.0	0.0	0.0	0.0	0.0	0.0
ARIH2	na	0.0	0.0	0.0	0.0	0.0	0.0	0.0
RBM6	na	0.0	0.0	0.0	0.0	0.0	0.0	0.0
HEMK1	na	0.0	0.0	0.0	0.0	0.0	0.0	0.0
FAM208A	na	0.0	0.0	0.0	0.0	0.0	0.0	0.0
APPL1	na	0.0	0.0	0.0	0.0	0.0	0.0	0.0
FOXP1	na	0.05239395449141482	0.07153239100643177	0.06015971336288207	0.04026906904035975	0.04772731877962685	0.06797205954557106	0.07640274321531947
DCBLD2	na	0.0	0.0	0.0	0.0	0.0	0.0	0.0
NFKBIZ	na	0.08396588394943325	0.12722050903823293	0.0827211288181745	0.06974746551337482	0.0747320528989426	0.11994707426373583	0.1444071246191587
CFAP44	na	0.0	0.0	0.0	0.0	0.0	0.0	0.0
NDUFB4	na	0.25069841125117054	0.610491411883732	0.03987994419214569	0.053927371398973335	0.16589469100969256	0.4695127429417879	0.4579824465003305
PODXL2	na	0.057152075492336474	0.06791246841105275	0.07729664441456208	0.029153170464305853	0.05607119883124442	0.09811780578586324	0.11182014312647434
ABTB1	na	0.0	0.0	0.0	0.0	0.0	0.0	0.0
ATP2C1	na	0.04215738100251816	0.06509484764714221	0.055853703122619086	0.04286260807855258	0.04662634493658313	0.07209963251594985	0.08528394049394028
ASTE1	na	0.0	0.0	0.0	0.0	0.0	0.0	0.0
DHX36	na	0.0	0.0	0.0	0.0	0.0	0.0	0.0
MFSD1	na	0.0	0.0	0.0	0.0	0.0	0.0	0.0
GOLIM4	na	0.0	0.0	0.0	0.0	0.0	0.0	0.0
YEATS2	na	0.0	0.0	0.0	0.0	0.0	0.0	0.0
DNAJB11	na	0.0	0.0	0.0	0.0	0.0	0.0	0.0
LPP	na	0.0	0.0	0.0	0.0	0.0	0.0	0.0
LETM1	na	0.0	0.0	0.0	0.0	0.0	0.0	0.0
C4orf48	na	0.07499013670257722	0.10308441692135756	0.0934892399648875	0.009812856979704594	0.0817942624497746	0.28399116223671084	0.1603399329545045
FAM193A	na	0.0	0.0	0.0	0.0	0.0	0.0	0.0
STK32B	na	0.0	0.0	0.0	0.0	0.0	0.0	0.0
JAKMIP1	na	0.0	0.0	0.0	0.0	0.0	0.0	0.0
WDR1	na	0.0709821606431058	0.12906564436426268	0.06554385137727212	0.05499950403485489	0.0666454921094472	0.11472206298387558	0.13195097858776056
QDPR	na	0.0	0.0	0.0	0.0	0.0	0.0	0.0
TLR1	na	0.0	0.0	0.0	0.0	0.0	0.0	0.0
FIP1L1	na	0.0	0.0	0.0	0.0	0.0	0.0	0.0
UTP3	na	0.0	0.0	0.0	0.0	0.0	0.0	0.0
CCNG2	na	0.06929357185713932	0.09908935184471032	0.05911522707216771	0.0879845749445613	0.06733076632597898	0.08599776668562739	0.11292402094160695
CXXC4	na	0.0	0.0	0.0	0.0	0.0	0.0	0.0
SEC24B	na	0.0	0.0	0.0	0.0	0.0	0.0	0.0
USP53	na	0.0	0.0	0.0	0.0	0.0	0.0	0.0
GAB1	na	0.0	0.0	0.0	0.0	0.0	0.0	0.0
SMARCA5	na	0.042937922554372156	0.06988045909797255	0.05923537633560325	0.03920386521725296	0.05034142040623539	0.06590882973166204	0.10190882287781108
LRBA	na	0.048968644987493266	0.05430771890056224	0.058216480501544265	0.04932888039010714	0.04615372315016621	0.056291501412264223	0.09405302123096189
RPS3A	na	0.7451776518689146	1.5777030826693974	0.12224766155932965	0.18794103256798692	0.4015041612419801	0.9810400496775594	1.3393366250633951
SH3D19	na	0.0	0.0	0.0	0.0	0.0	0.0	0.0
WWC2	na	0.0	0.0	0.0	0.0	0.0	0.0	0.0
UFSP2	na	0.0	0.0	0.0	0.0	0.0	0.0	0.0
NKD2	na	0.0	0.0	0.0	0.0	0.0	0.0	0.0
CCT5	na	0.09818780791591261	0.216638459802184	0.06705426570276285	0.08282712102524234	0.09720806617298663	0.1859456888858258	0.20749179937127477
DNAH5	na	0.0	0.0	0.0	0.0	0.0	0.0	0.0
MYO10	na	0.051619207841676236	0.06283697843239947	0.05506793041824037	0.0482998729012354	0.04737024663839884	0.07865358071945255	0.09249659192472437
LMBRD2	na	0.0	0.0	0.0	0.0	0.0	0.0	0.0
PAIP1	na	0.06536259569299122	0.11036640677696866	0.055231785680147395	0.05137193023096136	0.05909959676571089	0.10444612985189848	0.1175950814242634
KIF2A	na	0.0	0.0	0.0	0.0	0.0	0.0	0.0
MAST4	na	0.0	0.0	0.0	0.0	0.0	0.0	0.0
SLC30A5	na	0.0	0.0	0.0	0.0	0.0	0.0	0.0
SMN1	na	0.0	0.0	0.0	0.0	0.0	0.0	0.0
AGGF1	na	0.0	0.0	0.0	0.0	0.0	0.0	0.0
VCAN	na	0.0	0.0	0.0	0.0	0.0	0.0	0.0
ELL2	na	0.0	0.0	0.0	0.0	0.0	0.0	0.0
PAM	na	0.0	0.0	0.0	0.0	0.0	0.0	0.0
AP3S1	na	0.045557212960255444	0.07880642922660663	0.04397498156743378	0.05093416332542172	0.048481323544411106	0.07532866102897295	0.0867796450212363
HSD17B4	na	0.0	0.0	0.0	0.0	0.0	0.0	0.0
RAD50	na	0.0	0.0	0.0	0.0	0.0	0.0	0.0
SOWAHA	na	0.0	0.0	0.0	0.0	0.0	0.0	0.0
UQCRQ	na	0.41674316594793265	1.025676443346815	0.029137254556144798	0.12583731723152097	0.25459914988310095	0.7541051262234861	0.7851913871104925
FSTL4	na	0.0	0.0	0.0	0.0	0.0	0.0	0.0
HNRNPA0	na	0.052395389622508726	0.06978318427409733	0.06924639468971835	0.050746778678136595	0.054879728185846285	0.07768040297013588	0.09494638359717056
PFDN1	na	0.0	0.0	0.0	0.0	0.0	0.0	0.0
SRA1	na	0.0	0.0	0.0	0.0	0.0	0.0	0.0
EIF4EBP3	na	0.0	0.0	0.0	0.0	0.0	0.0	0.0
NDUFA2	na	0.1230667408905896	0.26265046846638146	0.04581369424259396	0.05198449219254718	0.09492030557616138	0.22115379045244687	0.2333850130395543
IK	na	0.0	0.0	0.0	0.0	0.0	0.0	0.0
PCDH12	na	0.0	0.0	0.0	0.0	0.0	0.0	0.0
TCERG1	na	0.0	0.0	0.0	0.0	0.0	0.0	0.0
FAM114A2	na	0.0	0.0	0.0	0.0	0.0	0.0	0.0
PWWP2A	na	0.0	0.0	0.0	0.0	0.0	0.0	0.0
C1QTNF2	na	0.0	0.0	0.0	0.0	0.0	0.0	0.0
HMMR	na	0.0	0.0	0.0	0.0	0.0	0.0	0.0
FAM193B	na	0.0	0.0	0.0	0.0	0.0	0.0	0.0
TRIM52	na	0.0	0.0	0.0	0.0	0.0	0.0	0.0
FOXC1	na	0.0	0.0	0.0	0.0	0.0	0.0	0.0
STMND1	na	0.0	0.0	0.0	0.0	0.0	0.0	0.0
DEK	na	0.0	0.0	0.0	0.0	0.0	0.0	0.0
HIST1H2BD	na	0.0	0.0	0.0	0.0	0.0	0.0	0.0
HIST1H3G	na	0.0	0.0	0.0	0.0	0.0	0.0	0.0
HIST1H1B	na	0.0	0.0	0.0	0.0	0.0	0.0	0.0
HLA-A	na	0.307441500893826	0.7307226617353427	0.12005965115631606	0.21489985003883447	0.26761821329045454	0.7159590400398067	0.6499148174124281
TRIM26	na	0.0	0.0	0.0	0.0	0.0	0.0	0.0
HLA-C	na	0.1933804790359236	0.5989196164718592	0.012339988337251306	0.19240070839844542	0.18136191424028109	0.5997209003831144	0.40703808585350587
HLA-B	na	0.2849761679942936	0.7309884554294942	0.1056093824463869	0.2778289431924129	0.2771666909674849	0.7881671233290974	0.5778908520887504
EHMT2	na	0.0	0.0	0.0	0.0	0.0	0.0	0.0
HLA-DRB1	na	0.08730050504431738	0.26222599064288327	4.346543447698909e-17	0.10041842148903443	0.10431825916820735	0.28088579575641254	0.16120826093925222
HLA-DQA1	na	0.0	0.0	0.0	0.0	0.0	0.0	0.0
HLA-DQB1	na	0.0	0.0	0.0	0.0	0.0	0.0	0.0
HLA-DQA2	na	0.04901020089976464	0.08290605597256628	0.04615377069972947	0.04911529065240344	0.050074713401320026	0.06984515423382365	0.08416493739949832
HLA-DQB2	na	0.0	0.0	0.0	0.0	0.0	0.0	0.0
SRSF3	na	0.0977125933028167	0.1796081078428815	0.07755802382144475	0.07896214233482018	0.0832680514497772	0.15164438704947422	0.1741854498296902
TRERF1	na	0.0	0.0	0.0	0.0	0.0	0.0	0.0
DST	na	0.0	0.0	0.0	0.0	0.0	0.0	0.0
KIAA1586	na	0.0	0.0	0.0	0.0	0.0	0.0	0.0
SMAP1	na	0.0	0.0	0.0	0.0	0.0	0.0	0.0
MAP3K7	na	0.0	0.0	0.0	0.0	0.0	0.0	0.0
ASCC3	na	0.041371172939802255	0.08801064293720698	0.03916085225590385	0.06558701687447883	0.05047207886832439	0.08078092904453563	0.0824904050353635
AK9	na	0.0	0.0	0.0	0.0	0.0	0.0	0.0
GTF3C6	na	0.09134058626832313	0.18483356008013122	0.042614246420386095	0.08495255181591065	0.07557136078523319	0.15334314803460156	0.14172148822981984
RPF2	na	0.0	0.0	0.0	0.0	0.0	0.0	0.0
TSPYL4	na	0.0	0.0	0.0	0.0	0.0	0.0	0.0
SMPDL3A	na	0.0	0.0	0.0	0.0	0.0	0.0	0.0
NCOA7	na	0.04907126347795134	0.07589737789520057	0.04669215969549111	0.05713061034549767	0.046535603648488036	0.06078947380869777	0.07982297927986423
IFNGR1	na	0.05195948033490598	0.057180978251045816	0.06376265771541237	0.04577779901285045	0.05042111042191457	0.07589465562223194	0.09379604950832537
PERP	na	0.3036318401234913	0.5777648138723157	0.25413208043501195	0.03337618466116764	0.22157569205010913	0.4301928934498912	0.6913121613055724
CCDC28A	na	0.0	0.0	0.0	0.0	0.0	0.0	0.0
PHACTR2	na	0.0	0.0	0.0	0.0	0.0	0.0	0.0
ARID1B	na	0.047726675932063825	0.06334483952472754	0.05525188464775083	0.043202473003749416	0.04670716917293117	0.06444933120105681	0.07454541983871198
PSMB1	na	0.1290236233550781	0.3120520567090375	0.08145619674171595	0.08016607530499148	0.12310113966805444	0.26990817149851665	0.2922973574355515
NUDT1	na	0.0	0.0	0.0	0.0	0.0	0.0	0.0
AP5Z1	na	0.0	0.0	0.0	0.0	0.0	0.0	0.0
RNF216	na	0.0	0.0	0.0	0.0	0.0	0.0	0.0
ZNF316	na	0.0	0.0	0.0	0.0	0.0	0.0	0.0
TWIST1	na	0.0	0.0	0.0	0.0	0.0	0.0	0.0
SCRN1	na	0.0	0.0	0.0	0.0	0.0	0.0	0.0
GARS	na	0.0	0.0	0.0	0.0	0.0	0.0	0.0
AVL9	na	0.0	0.0	0.0	0.0	0.0	0.0	0.0
AOAH	na	0.0	0.0	0.0	0.0	0.0	0.0	0.0
INHBA	na	0.0	0.0	0.0	0.0	0.0	0.0	0.0
PSMA2	na	0.062495587438864374	0.12462335192300564	0.04211901456405847	0.058905864893721155	0.061769804196696074	0.10874519322724956	0.1175897818221684
H2AFV	na	0.09810122550279789	0.16220668687087866	0.058984447363206835	0.06507684806230604	0.07510431299548892	0.17251995247458343	0.15363995407546271
ZNF107	na	0.0	0.0	0.0	0.0	0.0	0.0	0.0
KCTD7	na	0.0	0.0	0.0	0.0	0.0	0.0	0.0
RABGEF1	na	0.0	0.0	0.0	0.0	0.0	0.0	0.0
GTPBP10	na	0.0	0.0	0.0	0.0	0.0	0.0	0.0
AKAP9	na	0.040475155830329484	0.057608525532393595	0.04682965257516842	0.04174760588683385	0.044790178561748904	0.07775465478321106	0.0782622773505904
COL1A2	na	0.35188879337812273	0.8289213743177565	0.07590507154114323	0.14394455007912235	0.26850266264596656	0.7498491473134814	0.6503825730446104
ZKSCAN1	na	0.0	0.0	0.0	0.0	0.0	0.0	0.0
ZSCAN21	na	0.0	0.0	0.0	0.0	0.0	0.0	0.0
MCM7	na	0.06716173659104253	0.08671544378231741	0.0489801924567992	0.04573474607723409	0.04974392909505586	0.09173223318221788	0.08062675892973825
CNPY4	na	0.0	0.0	0.0	0.0	0.0	0.0	0.0
LAMTOR4	na	0.08744980281264997	0.20483739221162106	0.03588353166802996	0.08666519408776671	0.07820742350472262	0.18445555196139723	0.13336318968758784
GIGYF1	na	0.0	0.0	0.0	0.0	0.0	0.0	0.0
SRRT	na	0.04869412510683273	0.06169447593455396	0.05314842754907792	0.04281259546303197	0.044692600847676844	0.061562014577194284	0.06676903526642292
SH2B2	na	0.0	0.0	0.0	0.0	0.0	0.0	0.0
POLR2J3	na	0.0	0.0	0.0	0.0	0.0	0.0	0.0
POLR2J3	na	0.0	0.0	0.0	0.0	0.0	0.0	0.0
POLR2J3	na	0.0	0.0	0.0	0.0	0.0	0.0	0.0
POLR2J3	na	0.0	0.0	0.0	0.0	0.0	0.0	0.0
LRRC17	na	0.0	0.0	0.0	0.0	0.0	0.0	0.0
CPED1	na	0.0	0.0	0.0	0.0	0.0	0.0	0.0
NDUFA5	na	0.06317818680619496	0.13512158941817218	0.04333597469706982	0.0688038633202294	0.062026337369955414	0.13659836178879164	0.11744880417398726
WASL	na	0.045797767734873755	0.08706136961550873	0.04830193645605393	0.04899687076320252	0.04800237563237232	0.08241650375423205	0.0843502722048091
KMT2C	na	0.0	0.0	0.0	0.0	0.0	0.0	0.0
RBM33	na	0.0	0.0	0.0	0.0	0.0	0.0	0.0
NOM1	na	0.0	0.0	0.0	0.0	0.0	0.0	0.0
NCAPG2	na	0.0	0.0	0.0	0.0	0.0	0.0	0.0
TXLNG	na	0.0	0.0	0.0	0.0	0.0	0.0	0.0
RBM10	na	0.052609066640552156	0.07089090832062594	0.06567392908760612	0.056930651468194524	0.05325181391211842	0.07225214443450521	0.07955448471145449
PQBP1	na	0.04885352497762399	0.08791328003922974	0.039867415295585705	0.054118083244926465	0.0493624402389919	0.07578364148823216	0.09327192808560145
PHF8	na	0.0	0.0	0.0	0.0	0.0	0.0	0.0
MED12	na	0.0	0.0	0.0	0.0	0.0	0.0	0.0
ZNF711	na	0.0	0.0	0.0	0.0	0.0	0.0	0.0
AMOT	na	0.0	0.0	0.0	0.0	0.0	0.0	0.0
LAMP2	na	0.06251043672764243	0.10112018749345728	0.06298356470296501	0.055946515868045645	0.060360571956793924	0.10739676016173785	0.1146938534310317
HTATSF1	na	0.061025267214484515	0.07187876519394559	0.05030890892383218	0.05939192112423815	0.05074537906472087	0.06394893806902478	0.08056583896778108
HMGB3	na	0.05925449764020596	0.0742432673003239	0.06488848243617944	0.04845905841908789	0.05355932429070131	0.09578646002321553	0.10012232217573812
MECP2	na	0.0	0.0	0.0	0.0	0.0	0.0	0.0
DKC1	na	0.0	0.0	0.0	0.0	0.0	0.0	0.0
VPS37A	na	0.0	0.0	0.0	0.0	0.0	0.0	0.0
NAT1	na	0.05620968507612679	0.07185870325202678	0.06030127176621853	0.04360122135618115	0.05129971134626173	0.07232592091345112	0.09998391316255048
CCAR2	na	0.0	0.0	0.0	0.0	0.0	0.0	0.0
BNIP3L	na	0.0	0.0	0.0	0.0	0.0	0.0	0.0
ESCO2	na	0.0	0.0	0.0	0.0	0.0	0.0	0.0
PBK	na	0.0	0.0	0.0	0.0	0.0	0.0	0.0
KIF13B	na	0.0	0.0	0.0	0.0	0.0	0.0	0.0
LEPROTL1	na	0.0	0.0	0.0	0.0	0.0	0.0	0.0
PRKDC	na	0.05085756875009797	0.08054921792133718	0.06366980003494203	0.05786562553543919	0.05533248412939416	0.06899836467013365	0.09347163210836977
SNAI2	na	0.0	0.0	0.0	0.0	0.0	0.0	0.0
CSPP1	na	0.0	0.0	0.0	0.0	0.0	0.0	0.0
TERF1	na	0.0	0.0	0.0	0.0	0.0	0.0	0.0
ZFHX4	na	0.0	0.0	0.0	0.0	0.0	0.0	0.0
PABPC1	na	0.3828935593918146	1.142437027511444	0.06665542885704856	0.08519401886969283	0.28600210201232035	1.003303346736624	0.9037754425675248
TRPS1	na	0.04838877001422263	0.06921678470191828	0.04899524675899328	0.04537531942122955	0.04533808981392114	0.06168423735072666	0.07985169316921718
KHDRBS3	na	0.0	0.0	0.0	0.0	0.0	0.0	0.0
MROH1	na	0.0	0.0	0.0	0.0	0.0	0.0	0.0
CYHR1	na	0.03869031752393453	0.05998633942659706	0.05083931013796123	0.04682017762655878	0.042462178648582406	0.0484299429563768	0.0784891060921675
RECQL4	na	0.0	0.0	0.0	0.0	0.0	0.0	0.0
CBWD1	na	0.0	0.0	0.0	0.0	0.0	0.0	0.0
PUM3	na	0.0	0.0	0.0	0.0	0.0	0.0	0.0
MLLT3	na	0.0	0.0	0.0	0.0	0.0	0.0	0.0
VCP	na	0.10229453734866407	0.1659841830351721	0.11754571053090902	0.08307754109528148	0.09932338874984634	0.16171710429701183	0.20928981315342549
UNC13B	na	0.0	0.0	0.0	0.0	0.0	0.0	0.0
CBWD5	na	0.0	0.0	0.0	0.0	0.0	0.0	0.0
TJP2	na	0.0	0.0	0.0	0.0	0.0	0.0	0.0
VPS13A	na	0.0	0.0	0.0	0.0	0.0	0.0	0.0
FBP1	na	0.06978578149594862	0.08379274865023068	0.03905042513897695	0.061670453805318534	0.054283976529117456	0.09613102448540865	0.08559529251871056
STX17	na	0.0	0.0	0.0	0.0	0.0	0.0	0.0
NDUFA8	na	0.06909246120498479	0.14831321153693694	0.0418721878225504	0.06044045777417284	0.06468991353687735	0.1208409496402716	0.1350835840465685
STRBP	na	0.0	0.0	0.0	0.0	0.0	0.0	0.0
ARPC5L	na	0.05516190455113558	0.1350773183328846	0.045085643481111035	0.06905534563388431	0.060108499770031604	0.1165874905798861	0.11359230671700617
ZNF79	na	0.0	0.0	0.0	0.0	0.0	0.0	0.0
LRSAM1	na	0.0	0.0	0.0	0.0	0.0	0.0	0.0
CIZ1	na	0.0	0.0	0.0	0.0	0.0	0.0	0.0
ODF2	na	0.0	0.0	0.0	0.0	0.0	0.0	0.0
ASS1	na	0.10650062693946032	0.29944570821868516	0.04664102767214459	0.0997504087175082	0.11131553084352694	0.29663905247020717	0.23311813047626567
GTF3C5	na	0.0	0.0	0.0	0.0	0.0	0.0	0.0
CEL	na	0.0	0.0	0.0	0.0	0.0	0.0	0.0
REXO4	na	0.0	0.0	0.0	0.0	0.0	0.0	0.0
ADAMTS13	na	0.0	0.0	0.0	0.0	0.0	0.0	0.0
RABL6	na	0.08420114251267641	0.10380202495074314	0.07340316115703827	0.06301625502757906	0.07277339213694778	0.12455001367201805	0.13155905420669536
DPP7	na	0.04938717127163955	0.08141189266305526	0.060587167399330316	0.052330173638745835	0.05723125712129558	0.0758950549574616	0.10096175196692668
GRIN1	na	0.0	0.0	0.0	0.0	0.0	0.0	0.0
SIGIRR	na	0.06051537693302125	0.08461253377002742	0.06491572110700587	0.046041186516862787	0.05550666180206555	0.07489393151183343	0.11439124320186232
DRD4	na	0.0	0.0	0.0	0.0	0.0	0.0	0.0
RPLP2	na	1.0090440757346057	2.7426231506400205	8.806212057163199e-25	0.2928177450647918	0.6225548131764759	2.1144246304388	2.0515537603017187
TSSC4	na	0.0	0.0	0.0	0.0	0.0	0.0	0.0
TRIM5	na	0.0	0.0	0.0	0.0	0.0	0.0	0.0
TIMM10B	na	0.0	0.0	0.0	0.0	0.0	0.0	0.0
ARL14EP	na	0.0	0.0	0.0	0.0	0.0	0.0	0.0
TCP11L1	na	0.0	0.0	0.0	0.0	0.0	0.0	0.0
FAM111B	na	0.0	0.0	0.0	0.0	0.0	0.0	0.0
UQCC3	na	0.0749356631456639	0.11936152726754484	0.047998588748818155	0.060235492609665646	0.061702394786470716	0.09394526029310535	0.12044259406901718
STX5	na	0.0	0.0	0.0	0.0	0.0	0.0	0.0
ARL2	na	0.0	0.0	0.0	0.0	0.0	0.0	0.0
SIPA1	na	0.0	0.0	0.0	0.0	0.0	0.0	0.0
RBM4	na	0.0	0.0	0.0	0.0	0.0	0.0	0.0
PPFIA1	na	0.0	0.0	0.0	0.0	0.0	0.0	0.0
PAK1	na	0.0	0.0	0.0	0.0	0.0	0.0	0.0
CADM1	na	0.0	0.0	0.0	0.0	0.0	0.0	0.0
CEP164	na	0.0	0.0	0.0	0.0	0.0	0.0	0.0
TMPRSS13	na	0.0	0.0	0.0	0.0	0.0	0.0	0.0
FAM208B	na	0.0	0.0	0.0	0.0	0.0	0.0	0.0
STAM	na	0.0	0.0	0.0	0.0	0.0	0.0	0.0
MSRB2	na	0.05634927427185401	0.09551595193229473	0.03396097302099966	0.05561154016159295	0.05293091620579826	0.09784943905717658	0.08525189328922196
LYZL2	na	0.0	0.0	0.0	0.0	0.0	0.0	0.0
ZEB1	na	0.0	0.0	0.0	0.0	0.0	0.0	0.0
EPC1	na	0.0	0.0	0.0	0.0	0.0	0.0	0.0
PARD3	na	0.0	0.0	0.0	0.0	0.0	0.0	0.0
AGAP9	na	0.0	0.0	0.0	0.0	0.0	0.0	0.0
ANK3	na	0.0	0.0	0.0	0.0	0.0	0.0	0.0
ARID5B	na	0.0	0.0	0.0	0.0	0.0	0.0	0.0
DNAJC12	na	0.049357878725082426	0.09629168577763378	0.050220001472948084	0.035738233290856514	0.0555160770535366	0.0911529920822539	0.10136983432263039
DDX50	na	0.0	0.0	0.0	0.0	0.0	0.0	0.0
FAM149B1	na	0.0	0.0	0.0	0.0	0.0	0.0	0.0
DNAJC9	na	0.0	0.0	0.0	0.0	0.0	0.0	0.0
FUT11	na	0.0	0.0	0.0	0.0	0.0	0.0	0.0
KAT6B	na	0.0	0.0	0.0	0.0	0.0	0.0	0.0
COMTD1	na	0.0	0.0	0.0	0.0	0.0	0.0	0.0
KCNMA1	na	0.0	0.0	0.0	0.0	0.0	0.0	0.0
ANXA11	na	0.04764053277064764	0.06656884492823568	0.05222340005910434	0.04151598770910808	0.04368352266985345	0.06320752673186962	0.07734429339148802
TM9SF3	na	0.06433612755989272	0.0677724141576006	0.06336997410075215	0.059435670872991994	0.05749551651213123	0.0902319150166612	0.10062410864628649
HPS1	na	0.0	0.0	0.0	0.0	0.0	0.0	0.0
BTRC	na	0.0	0.0	0.0	0.0	0.0	0.0	0.0
DPCD	na	0.0	0.0	0.0	0.0	0.0	0.0	0.0
POLL	na	0.0	0.0	0.0	0.0	0.0	0.0	0.0
HPS6	na	0.0	0.0	0.0	0.0	0.0	0.0	0.0
NOLC1	na	0.0	0.0	0.0	0.0	0.0	0.0	0.0
NFKB2	na	0.0	0.0	0.0	0.0	0.0	0.0	0.0
TCF7L2	na	0.0	0.0	0.0	0.0	0.0	0.0	0.0
SHTN1	na	0.0	0.0	0.0	0.0	0.0	0.0	0.0
RGS10	na	0.0568761744109739	0.09006083260087738	0.03359711968110049	0.06138845393388871	0.05219890835164649	0.08131354147702971	0.10401784825209012
BUB3	na	0.05424061018376099	0.09081276956808551	0.04706485740908758	0.04778204120556316	0.04941417337814158	0.07771987821760346	0.085086401713663
ZRANB1	na	0.0	0.0	0.0	0.0	0.0	0.0	0.0
CTBP2	na	0.0536969225506151	0.08616718930324682	0.04585304041859686	0.05241027697861467	0.050800521774276186	0.07987586906587667	0.10019203366390977
MKI67	na	0.0	0.0	0.0	0.0	0.0	0.0	0.0
ECHS1	na	0.06211849239017198	0.11775732755552376	0.06148580910944444	0.046466158331317786	0.06353138075555131	0.11295663325064965	0.12570002444352718
RAD51AP1	na	0.0	0.0	0.0	0.0	0.0	0.0	0.0
ENO2	na	0.0	0.0	0.0	0.0	0.0	0.0	0.0
PRH1	na	0.0	0.0	0.0	0.0	0.0	0.0	0.0
FAR2	na	0.0	0.0	0.0	0.0	0.0	0.0	0.0
KIAA1551	na	0.0	0.0	0.0	0.0	0.0	0.0	0.0
KRT18	na	0.2936979152297652	0.7347322678351313	0.0680631472687086	0.06983793307221245	0.21502481356832714	0.6730493962979743	0.6573153360870331
XPOT	na	0.0	0.0	0.0	0.0	0.0	0.0	0.0
VEZT	na	0.0	0.0	0.0	0.0	0.0	0.0	0.0
METAP2	na	0.0450939327885362	0.0734530914501299	0.049622436175580126	0.04632015635835478	0.04472598235811974	0.05980900555924259	0.08513625425088181
VSIG10	na	0.0	0.0	0.0	0.0	0.0	0.0	0.0
RPLP0	na	0.5673688199735415	1.3806922489899305	0.13388260490759696	0.26362186966696227	0.38580591964766	1.0580651605398257	1.189229588046767
MLEC	na	0.06024172255107437	0.05154265324666943	0.07654944086965679	0.07573886313597604	0.057400535379048885	0.04601238857634705	0.09064205100199374
PSMD9	na	0.0	0.0	0.0	0.0	0.0	0.0	0.0
ARL6IP4	na	0.10307685739561338	0.13378535118844953	0.061001006741185665	0.05596240803783526	0.07254072720310843	0.1273568066384173	0.15013969776276853
POLE	na	0.0	0.0	0.0	0.0	0.0	0.0	0.0
ZC3H13	na	0.0	0.0	0.0	0.0	0.0	0.0	0.0
MZT1	na	0.0	0.0	0.0	0.0	0.0	0.0	0.0
ABCC4	na	0.0	0.0	0.0	0.0	0.0	0.0	0.0
ERCC5	na	0.0	0.0	0.0	0.0	0.0	0.0	0.0
ABHD13	na	0.0	0.0	0.0	0.0	0.0	0.0	0.0
ACIN1	na	0.0	0.0	0.0	0.0	0.0	0.0	0.0
PABPN1	na	0.0	0.0	0.0	0.0	0.0	0.0	0.0
THTPA	na	0.0	0.0	0.0	0.0	0.0	0.0	0.0
AP1G2	na	0.0	0.0	0.0	0.0	0.0	0.0	0.0
RIPK3	na	0.0	0.0	0.0	0.0	0.0	0.0	0.0
POLE2	na	0.0	0.0	0.0	0.0	0.0	0.0	0.0
ARID4A	na	0.0	0.0	0.0	0.0	0.0	0.0	0.0
ZBTB1	na	0.0	0.0	0.0	0.0	0.0	0.0	0.0
IRF2BPL	na	0.0	0.0	0.0	0.0	0.0	0.0	0.0
TRIP11	na	0.0	0.0	0.0	0.0	0.0	0.0	0.0
BTBD7	na	0.0	0.0	0.0	0.0	0.0	0.0	0.0
YY1	na	0.045389100282046665	0.07700883883365621	0.03596131400890315	0.057570861219928327	0.046091993969172365	0.06003464123558441	0.07955513655149411
HSP90AA1	na	0.3186040416491145	0.8750474301339091	0.08786121868001251	0.18302072622659915	0.25783931829996887	0.8565905871213146	0.6812173099028573
TECPR2	na	0.0	0.0	0.0	0.0	0.0	0.0	0.0
CDC42BPB	na	0.0	0.0	0.0	0.0	0.0	0.0	0.0
EMC7	na	0.0	0.0	0.0	0.0	0.0	0.0	0.0
SPINT1	na	0.09064021311798215	0.09212439986696527	0.05663131494612613	0.07682442832952048	0.0642352315868708	0.0838051338333569	0.10287641125719008
SERF2	na	1.4051893410996577	3.407436849109241	0.37773095637623344	0.02857654938752896	0.8292611979496831	2.3426667461756505	3.0035775755254126
PATL2	na	0.0	0.0	0.0	0.0	0.0	0.0	0.0
GALK2	na	0.0	0.0	0.0	0.0	0.0	0.0	0.0
FAM227B	na	0.0	0.0	0.0	0.0	0.0	0.0	0.0
TEX9	na	0.0	0.0	0.0	0.0	0.0	0.0	0.0
MNS1	na	0.0	0.0	0.0	0.0	0.0	0.0	0.0
CGNL1	na	0.0	0.0	0.0	0.0	0.0	0.0	0.0
MTFMT	na	0.0	0.0	0.0	0.0	0.0	0.0	0.0
PML	na	0.0	0.0	0.0	0.0	0.0	0.0	0.0
SRRM2	na	0.10120936181576366	0.076429998668429	0.1253204551991195	0.10234268806042815	0.0875485961454581	0.0913263081231471	0.13612227626686102
PLA2G10	na	0.0	0.0	0.0	0.0	0.0	0.0	0.0
NPIPA3	na	0.0	0.0	0.0	0.0	0.0	0.0	0.0
NPIPA1	na	0.0	0.0	0.0	0.0	0.0	0.0	0.0
UBFD1	na	0.0	0.0	0.0	0.0	0.0	0.0	0.0
TNRC6A	na	0.0	0.0	0.0	0.0	0.0	0.0	0.0
RABEP2	na	0.0	0.0	0.0	0.0	0.0	0.0	0.0
NFATC2IP	na	0.0	0.0	0.0	0.0	0.0	0.0	0.0
SPNS1	na	0.0	0.0	0.0	0.0	0.0	0.0	0.0
SULT1A3	na	0.0	0.0	0.0	0.0	0.0	0.0	0.0
ZNF768	na	0.0	0.0	0.0	0.0	0.0	0.0	0.0
SRCAP	na	0.0	0.0	0.0	0.0	0.0	0.0	0.0
CCDC113	na	0.0	0.0	0.0	0.0	0.0	0.0	0.0
NAE1	na	0.0	0.0	0.0	0.0	0.0	0.0	0.0
NOL3	na	0.0	0.0	0.0	0.0	0.0	0.0	0.0
EDC4	na	0.0	0.0	0.0	0.0	0.0	0.0	0.0
NQO1	na	0.12194919943308609	0.23252774731718673	0.08722488235617532	0.05754010209177929	0.10081801285557854	0.15772055043530447	0.25991522899092195
NOB1	na	0.0	0.0	0.0	0.0	0.0	0.0	0.0
AARS	na	0.06337443105748189	0.06186668169069948	0.063272693152209	0.04687617421774237	0.05045115595781933	0.06329346228608174	0.09161443244832466
ATP2C2	na	0.0	0.0	0.0	0.0	0.0	0.0	0.0
KIAA0513	na	0.0	0.0	0.0	0.0	0.0	0.0	0.0
GSE1	na	0.07794762926361513	0.11609408583734349	0.06822763390044256	0.08409540191315353	0.07221201372544363	0.09856601742575069	0.13444789354168105
DBNDD1	na	0.044870215066795546	0.06891170269555118	0.044128623699685815	0.046472964945970696	0.0462066801599413	0.055902578564733074	0.08434587177910305
GAS8	na	0.05501332161942844	0.047281487218550994	0.0684029783372062	0.055214201759261373	0.053964698722355424	0.06070325419750436	0.07871897398311713
NXN	na	0.0	0.0	0.0	0.0	0.0	0.0	0.0
MYO1C	na	0.06703339002891655	0.08834910476493874	0.05391377819287567	0.04527430757800459	0.05375429772499612	0.11382622347185146	0.10199823518462503
ZZEF1	na	0.0	0.0	0.0	0.0	0.0	0.0	0.0
CYB5D2	na	0.0	0.0	0.0	0.0	0.0	0.0	0.0
ANKFY1	na	0.0	0.0	0.0	0.0	0.0	0.0	0.0
PELP1	na	0.0	0.0	0.0	0.0	0.0	0.0	0.0
KIF1C	na	0.0	0.0	0.0	0.0	0.0	0.0	0.0
NAA38	na	0.07175561365907339	0.1776468054855737	0.03700141567456719	0.05834006866475536	0.06917432869394552	0.13111129164270827	0.13444612079539875
CHD3	na	0.0	0.0	0.0	0.0	0.0	0.0	0.0
MYH10	na	0.0	0.0	0.0	0.0	0.0	0.0	0.0
SUPT6H	na	0.07461051611389356	0.08305824686815733	0.07148872932206284	0.06233452688957975	0.06080436912495882	0.09107174824295639	0.11224972995752683
MYO18A	na	0.0	0.0	0.0	0.0	0.0	0.0	0.0
NUFIP2	na	0.10769052398799478	0.16647282702878757	0.09422617437847756	0.06935815240823036	0.09060478256934024	0.1804928132829155	0.19753259174856025
NF1	na	0.04756079502457072	0.07038417276306683	0.049751130791989596	0.05250971637837523	0.04887820337813792	0.06413133450998833	0.08222237341258154
AP2B1	na	0.20214557307943704	0.31589471880820835	0.163357917178457	0.10335268899143549	0.1559324171500671	0.31702591617468445	0.3566956951980616
TAF15	na	0.0	0.0	0.0	0.0	0.0	0.0	0.0
AATF	na	0.127179862026503	0.21499482085209548	0.11607341316238226	0.03628583947953364	0.0986773334723002	0.20490982858069734	0.22435438577860428
ERBB2	na	1.6256613927028236	2.1192255872546326	1.58301424034714	0.994296012352171	1.2652050346691577	1.6396493624283193	2.880613939740437
MIEN1	na	0.5351881625249014	1.086910610511088	0.19870183371464045	0.179762861542986	0.32728390326407064	0.7509993695089958	0.9445916947127043
CDC6	na	0.0	0.0	0.0	0.0	0.0	0.0	0.0
NBR1	na	0.0	0.0	0.0	0.0	0.0	0.0	0.0
GJC1	na	0.0	0.0	0.0	0.0	0.0	0.0	0.0
COL1A1	na	0.37586452111551294	0.731263065474936	0.1559103855975867	0.08447288719147514	0.2514527338527799	0.6708375866326622	0.6077859877248866
MRPL27	na	0.4063040385533276	0.8214614147457853	0.19564539568875505	0.138026234063983	0.2724988326580454	0.6249093163688991	0.7249149086043611
RSAD1	na	0.05206434987758694	0.06636367955626574	0.05838757962358839	0.0552920392593365	0.05395268074400945	0.07226694909041116	0.0910950697590088
ANKRD40	na	0.11920782388868119	0.14892635030534584	0.11400959253145806	0.05008919398966857	0.0917593465185606	0.15481873854882353	0.20314287801203046
LUC7L3	na	0.17552970130922807	0.24167715535882833	0.20245545811949678	0.1092175417247988	0.1488565355645776	0.20976375289053978	0.3016471022411596
NACA2	na	0.0	0.0	0.0	0.0	0.0	0.0	0.0
TEX2	na	0.04279000876461081	0.10366701683894888	0.045601775337326636	0.05224901599906283	0.055241043006800425	0.08977250600407982	0.10879883386095555
DDX5	na	0.34277675671673985	0.7232423720585642	0.2611468242840537	0.12905729506890476	0.27676608079995	0.5647583725388143	0.7437492225729706
FAM104A	na	0.0	0.0	0.0	0.0	0.0	0.0	0.0
C17orf80	na	0.0	0.0	0.0	0.0	0.0	0.0	0.0
MRPS7	na	0.04498151030242553	0.08682260472047645	0.051370987566740856	0.05077280559674721	0.047665703178004414	0.053698216601944036	0.08834614492316564
MRPL38	na	0.0	0.0	0.0	0.0	0.0	0.0	0.0
SRP68	na	0.0	0.0	0.0	0.0	0.0	0.0	0.0
TIMP2	na	0.0632384025449885	0.1133143102749167	0.06527526754257709	0.045001812731887095	0.06397490229035313	0.12199558712107011	0.12862486445065785
GAA	na	0.0	0.0	0.0	0.0	0.0	0.0	0.0
CARD14	na	0.0	0.0	0.0	0.0	0.0	0.0	0.0
SLC16A3	na	0.0	0.0	0.0	0.0	0.0	0.0	0.0
NDUFV2	na	0.10120218300847858	0.25775520343885383	0.045541088735699536	0.061761958378770125	0.09226682935153785	0.2050628283022646	0.2310205884474218
ANKRD12	na	0.0	0.0	0.0	0.0	0.0	0.0	0.0
TUBB6	na	0.0	0.0	0.0	0.0	0.0	0.0	0.0
SEH1L	na	0.0	0.0	0.0	0.0	0.0	0.0	0.0
ESCO1	na	0.0	0.0	0.0	0.0	0.0	0.0	0.0
OSBPL1A	na	0.0	0.0	0.0	0.0	0.0	0.0	0.0
GALNT1	na	0.04961678673586402	0.0754805996188257	0.05261415931398315	0.04432414532757856	0.04772723977412545	0.05534166541582603	0.08003990860221785
SOX12	na	0.0	0.0	0.0	0.0	0.0	0.0	0.0
MCM8	na	0.0	0.0	0.0	0.0	0.0	0.0	0.0
PLCB1	na	0.0	0.0	0.0	0.0	0.0	0.0	0.0
KIF16B	na	0.0	0.0	0.0	0.0	0.0	0.0	0.0
CD93	na	0.0	0.0	0.0	0.0	0.0	0.0	0.0
GZF1	na	0.0	0.0	0.0	0.0	0.0	0.0	0.0
KIF3B	na	0.0	0.0	0.0	0.0	0.0	0.0	0.0
ZMYND8	na	0.05507259497094839	0.11182789154658071	0.06550134528032506	0.056623986083458526	0.06185794048690989	0.11003173784783493	0.10483931159737264
NCOA3	na	0.0	0.0	0.0	0.0	0.0	0.0	0.0
RNF114	na	0.06165886687056417	0.1041384222905116	0.04580266226022736	0.06398904005086428	0.0547765512720266	0.0800177652400758	0.09850146844552167
TPD52L2	na	0.07841810054373008	0.12352395087191123	0.06821780452873333	0.05296465587640848	0.06967528529860978	0.11821692805870447	0.14555645207612347
MYT1	na	0.0	0.0	0.0	0.0	0.0	0.0	0.0
WDR18	na	0.050686928204506605	0.056821584283434826	0.0440808014475953	0.04725150010296491	0.04491229952488803	0.06437461935741053	0.070466712544077
MBD3	na	0.04933511688234979	0.04971044822374274	0.05075705522130082	0.05319290820476459	0.04581892071647125	0.06804257997471504	0.06492597823993568
SF3A2	na	0.0	0.0	0.0	0.0	0.0	0.0	0.0
PIAS4	na	0.0	0.0	0.0	0.0	0.0	0.0	0.0
GTF2F1	na	0.0	0.0	0.0	0.0	0.0	0.0	0.0
TRAPPC5	na	0.0	0.0	0.0	0.0	0.0	0.0	0.0
ELAVL1	na	0.04654225747130708	0.06809299440318899	0.04719917782491864	0.043689747416193164	0.04657895416673437	0.06518344846016548	0.07738792038216641
CERS4	na	0.05971703253883152	0.05726028742405573	0.05212550663920212	0.08349144586812325	0.05583117077313493	0.0650154995676491	0.08409793328066341
DNM2	na	0.0	0.0	0.0	0.0	0.0	0.0	0.0
DHPS	na	0.0	0.0	0.0	0.0	0.0	0.0	0.0
NOTCH3	na	0.049451177838671576	0.06957369987987266	0.058499432290631516	0.04267029128569415	0.05180486917980597	0.07810993631679532	0.10293820181079574
USHBP1	na	0.0	0.0	0.0	0.0	0.0	0.0	0.0
BABAM1	na	0.0	0.0	0.0	0.0	0.0	0.0	0.0
JUND	na	0.0836506175589195	0.1137608936722175	0.10540360158537858	0.07079732373511602	0.08273488482501365	0.11776529700258735	0.1745216586864665
NDUFA13	na	0.19623113453234076	0.3825149643601231	0.10703681819027305	0.11229482240328167	0.15669688420153727	0.3225802752484034	0.38809729457648773
ZNF681	na	0.0	0.0	0.0	0.0	0.0	0.0	0.0
UBA2	na	0.0	0.0	0.0	0.0	0.0	0.0	0.0
COX6B1	na	0.2095063413781216	0.5150379974525894	0.027127649526482556	0.09458742510418552	0.14954301048271867	0.3831866348114407	0.41613567601166646
ARHGAP33	na	0.0	0.0	0.0	0.0	0.0	0.0	0.0
CAPNS1	na	0.08735409770783126	0.15205094778073897	0.08812645186362672	0.054774272853182704	0.08332908710928782	0.15718911984417738	0.18072132528716972
SPRED3	na	0.0	0.0	0.0	0.0	0.0	0.0	0.0
FAM98C	na	0.0	0.0	0.0	0.0	0.0	0.0	0.0
RYR1	na	0.0	0.0	0.0	0.0	0.0	0.0	0.0
ZNF428	na	0.0	0.0	0.0	0.0	0.0	0.0	0.0
APOC1	na	0.18525976981162515	0.36445025348839233	0.0255103105883924	0.12045397322793949	0.1416797104532636	0.416382957447083	0.3077362307252171
CLPTM1	na	0.05195324439949968	0.04632007448664588	0.046719721320022195	0.05024006138129801	0.04616599218709645	0.06683660689189005	0.0749344994096601
CD3EAP	na	0.0	0.0	0.0	0.0	0.0	0.0	0.0
ERCC1	na	0.0	0.0	0.0	0.0	0.0	0.0	0.0
ZC3H4	na	0.0	0.0	0.0	0.0	0.0	0.0	0.0
CCDC9	na	0.0	0.0	0.0	0.0	0.0	0.0	0.0
NUCB1	na	0.0	0.0	0.0	0.0	0.0	0.0	0.0
SCAF1	na	0.0	0.0	0.0	0.0	0.0	0.0	0.0
MYH14	na	0.0	0.0	0.0	0.0	0.0	0.0	0.0
LILRB4	na	0.0	0.0	0.0	0.0	0.0	0.0	0.0
PPP6R1	na	0.03939719189181493	0.05980713231438689	0.052730441321976323	0.04219698122954061	0.04277175421474657	0.06269130632730725	0.07581961557099443
IL11	na	0.0	0.0	0.0	0.0	0.0	0.0	0.0
TRMT2A	na	0.0	0.0	0.0	0.0	0.0	0.0	0.0
RANBP1	na	0.06948560839097534	0.1287471728918751	0.04395949717831307	0.05455902348457678	0.0663515274944527	0.1224416116706506	0.12833773350092115
GGT1	na	0.03452522463602764	0.03775102990910989	0.061230774037282734	0.06605304337488413	0.05147103740309976	0.05126696873920084	0.08711748103385555
CCDC117	na	0.0	0.0	0.0	0.0	0.0	0.0	0.0
MORC2	na	0.0	0.0	0.0	0.0	0.0	0.0	0.0
MYH9	na	0.1535186721895104	0.26426218799359075	0.10605436490614281	0.06748171364603933	0.11935625659975332	0.2787714493571847	0.30327432914452224
TST	na	0.056870369885656226	0.08352468109044633	0.03636697227142352	0.06850730557814977	0.05027695461482747	0.07959328024422055	0.06523421204202184
SH3BP1	na	0.0	0.0	0.0	0.0	0.0	0.0	0.0
GCAT	na	0.0	0.0	0.0	0.0	0.0	0.0	0.0
MICALL1	na	0.0	0.0	0.0	0.0	0.0	0.0	0.0
PLA2G6	na	0.0	0.0	0.0	0.0	0.0	0.0	0.0
SREBF2	na	0.054432061442754025	0.07783821466083654	0.06116976702798743	0.05633295907567406	0.0517588211261629	0.06352416190523942	0.07891790144073502
U2AF1L5	na	0.0	0.0	0.0	0.0	0.0	0.0	0.0
LTN1	na	0.0	0.0	0.0	0.0	0.0	0.0	0.0
GART	na	0.0	0.0	0.0	0.0	0.0	0.0	0.0
SON	na	0.1033256269148818	0.20675140525216895	0.07071057742558838	0.10683291380602489	0.09951373209740635	0.2199857605545313	0.1841348307611108
TTC3	na	0.05559782571575688	0.09331051371649504	0.03649081586074832	0.0581730213765244	0.05205133452068136	0.08908678725911712	0.08720613958082696
