NAME	DESCRIPTION	1	2	3	4	5	6	7
ISG15	na	0.2643733780337433	0.6905375908005633	0.09507386723918491	0.027091394926158318	0.19467701499502915	0.6229459911121902	0.6517452178648133
DVL1	na	0.0	0.0	0.0	0.0	0.0	0.0	0.0
ATAD3B	na	0.0	0.0	0.0	0.0	0.0	0.0	0.0
RERE	na	0.0	0.0	0.0	0.0	0.0	0.0	0.0
SLC2A5	na	0.0	0.0	0.0	0.0	0.0	0.0	0.0
CLSTN1	na	0.060809910165656206	0.08501807000023649	0.06277025438526736	0.0429067037269333	0.055873843433055764	0.09144045171838733	0.10458088649694727
EXOSC10	na	0.0	0.0	0.0	0.0	0.0	0.0	0.0
PRDM2	na	0.0	0.0	0.0	0.0	0.0	0.0	0.0
EIF4G3	na	0.0	0.0	0.0	0.0	0.0	0.0	0.0
CNKSR1	na	0.0	0.0	0.0	0.0	0.0	0.0	0.0
UBXN11	na	0.0	0.0	0.0	0.0	0.0	0.0	0.0
EIF3I	na	0.06636822824463523	0.11030074340477318	0.05967890082186334	0.04534488017527511	0.0596803803763676	0.09206751249875116	0.11257247987695915
THRAP3	na	0.0	0.0	0.0	0.0	0.0	0.0	0.0
SNIP1	na	0.0	0.0	0.0	0.0	0.0	0.0	0.0
PABPC4	na	0.10256203225939665	0.17099371399383548	0.060001572556373714	0.06969442050071795	0.08149648370223177	0.1637454938669784	0.17450207927090283
CAP1	na	0.12018439283320777	0.2985727871734315	0.07614589923239541	0.04006331335387142	0.1029249046566617	0.24033086809701013	0.27189563617973134
IPP	na	0.0	0.0	0.0	0.0	0.0	0.0	0.0
MAST2	na	0.0	0.0	0.0	0.0	0.0	0.0	0.0
PIK3R3	na	0.05589487028556834	0.08830159135529862	0.0507039705673565	0.0691266192303948	0.05769514625871231	0.09245687086307411	0.0929042462079917
NDC1	na	0.0	0.0	0.0	0.0	0.0	0.0	0.0
JUN	na	0.07117924521199542	0.11637068044904758	0.07001538564906087	0.03974226059711872	0.06741258661980662	0.11895874772432818	0.14591077619069467
SERBP1	na	0.09893713727656435	0.18771769036790928	0.08227706408305165	0.05210054978255518	0.08540711979194808	0.17204697921901863	0.18267534949392247
BCL10	na	0.0	0.0	0.0	0.0	0.0	0.0	0.0
RBMXL1	na	0.0	0.0	0.0	0.0	0.0	0.0	0.0
GBP3	na	0.0	0.0	0.0	0.0	0.0	0.0	0.0
CCDC18	na	0.0	0.0	0.0	0.0	0.0	0.0	0.0
DPYD	na	0.0	0.0	0.0	0.0	0.0	0.0	0.0
PRPF38B	na	0.0	0.0	0.0	0.0	0.0	0.0	0.0
STXBP3	na	0.0	0.0	0.0	0.0	0.0	0.0	0.0
SLC16A4	na	0.0	0.0	0.0	0.0	0.0	0.0	0.0
DDX20	na	0.0	0.0	0.0	0.0	0.0	0.0	0.0
NGF	na	0.0	0.0	0.0	0.0	0.0	0.0	0.0
IGSF3	na	0.041019401188147724	0.07392497180727549	0.04907648548654937	0.049303100254954255	0.04422304677658494	0.06464903346163979	0.08879918479236258
NBPF15	na	0.0	0.0	0.0	0.0	0.0	0.0	0.0
POLR3GL	na	0.0	0.0	0.0	0.0	0.0	0.0	0.0
NBPF12	na	0.0	0.0	0.0	0.0	0.0	0.0	0.0
NBPF11	na	0.0	0.0	0.0	0.0	0.0	0.0	0.0
HIST2H2AA4	na	0.0	0.0	0.0	0.0	0.0	0.0	0.0
HIST2H2BE	na	0.05933127587252756	0.09868782359009581	0.04902015423154837	0.04507104095363004	0.05751953222448555	0.10422293597300063	0.104213179295183
PRPF3	na	0.05444313166864951	0.08097765106548288	0.05679920113789774	0.045942380010770105	0.05088682988994858	0.06537822474484274	0.09055640564142657
CDC42SE1	na	0.06364218317806172	0.07563803544616843	0.0694113237489039	0.024311871385944962	0.053228710508732374	0.08866759651246196	0.10470913980083463
HAX1	na	0.0	0.0	0.0	0.0	0.0	0.0	0.0
PBXIP1	na	0.05270410634369913	0.06833817971030691	0.059610882179087256	0.03952499847161459	0.04798618816863694	0.04975168953624495	0.08899789876295701
ADAM15	na	0.058554566026510546	0.07387457111917849	0.06090926517055521	0.05623700706111162	0.06072635193384231	0.10112190234976944	0.11782995223633942
EFNA3	na	0.0	0.0	0.0	0.0	0.0	0.0	0.0
THBS3	na	0.0	0.0	0.0	0.0	0.0	0.0	0.0
MTX1	na	0.04247085579686206	0.07839961534236688	0.05338187515907285	0.03896005257522401	0.044228722710489464	0.05904407345676643	0.08673707133605783
SCAMP3	na	0.06316780473387326	0.08693355256781084	0.07522131690356323	0.04504379738956945	0.05495419780883915	0.06214136164768523	0.10104441506438584
ASH1L	na	0.0	0.0	0.0	0.0	0.0	0.0	0.0
YY1AP1	na	0.047484274821939135	0.06434097245111513	0.054818893836410636	0.04880479548447432	0.046654199919820165	0.05243928562146334	0.08828225552116985
MEX3A	na	0.0	0.0	0.0	0.0	0.0	0.0	0.0
LMNA	na	0.09594482606791535	0.13581227538085405	0.0863972815956739	0.03287321160430497	0.07823231753601248	0.12906085244337387	0.1634707682932792
PMF1	na	0.0	0.0	0.0	0.0	0.0	0.0	0.0
USP21	na	0.0	0.0	0.0	0.0	0.0	0.0	0.0
RC3H1	na	0.0	0.0	0.0	0.0	0.0	0.0	0.0
CEP350	na	0.0	0.0	0.0	0.0	0.0	0.0	0.0
TPR	na	0.0	0.0	0.0	0.0	0.0	0.0	0.0
ADIPOR1	na	0.07761503999916168	0.10660072875778351	0.06082841461340265	0.059528317572704964	0.06059148583550821	0.08554972314911055	0.12133173109285109
SRGAP2	na	0.0	0.0	0.0	0.0	0.0	0.0	0.0
INTS7	na	0.0	0.0	0.0	0.0	0.0	0.0	0.0
PPP2R5A	na	0.052673613996447544	0.0641915190352084	0.05429799155646287	0.04158580661267003	0.04276529639304772	0.053717291911679045	0.0801930586395891
TMEM63A	na	0.06064340248802333	0.06569808779175704	0.06407124015467741	0.03563942047028305	0.04859591200001276	0.05799627030516249	0.08615268560598617
ARV1	na	0.0	0.0	0.0	0.0	0.0	0.0	0.0
RBM34	na	0.0	0.0	0.0	0.0	0.0	0.0	0.0
ARID4B	na	0.0472605531135147	0.0615561881787522	0.04848550475152625	0.04361906846009654	0.04488548266890276	0.05707322429619568	0.07462386243531709
KMO	na	0.0	0.0	0.0	0.0	0.0	0.0	0.0
OPN3	na	0.0	0.0	0.0	0.0	0.0	0.0	0.0
RPS7	na	0.3384328454186214	1.161485835733897	1.0679024492681763e-20	0.14968879672484284	0.2403433069693296	0.9372483823352673	0.6900959860144643
PPM1G	na	0.053935945026815785	0.07859966874232875	0.055178800624368605	0.05407355583188023	0.054079921476455836	0.057649850648233934	0.09270964020162234
CEBPZOS	na	0.0	0.0	0.0	0.0	0.0	0.0	0.0
CEBPZ	na	0.0	0.0	0.0	0.0	0.0	0.0	0.0
STON1	na	0.0	0.0	0.0	0.0	0.0	0.0	0.0
SMYD5	na	0.0	0.0	0.0	0.0	0.0	0.0	0.0
CCT7	na	0.0672062837810065	0.1775464889326399	0.05289415420394065	0.05698985008878356	0.07884088105211197	0.15116143548987368	0.17272338967015474
WBP1	na	0.0	0.0	0.0	0.0	0.0	0.0	0.0
MRPL19	na	0.0	0.0	0.0	0.0	0.0	0.0	0.0
GCFC2	na	0.0	0.0	0.0	0.0	0.0	0.0	0.0
ST3GAL5	na	0.0	0.0	0.0	0.0	0.0	0.0	0.0
CHMP3	na	0.043426971607578226	0.07073568216816234	0.0473091678356881	0.043317969168629414	0.04487062013669576	0.07649367123870947	0.08611922870110089
TBC1D8	na	0.0	0.0	0.0	0.0	0.0	0.0	0.0
CBWD2	na	0.0	0.0	0.0	0.0	0.0	0.0	0.0
SLC35F5	na	0.0	0.0	0.0	0.0	0.0	0.0	0.0
RAB3GAP1	na	0.0	0.0	0.0	0.0	0.0	0.0	0.0
FMNL2	na	0.0	0.0	0.0	0.0	0.0	0.0	0.0
BAZ2B	na	0.0	0.0	0.0	0.0	0.0	0.0	0.0
GCA	na	0.0	0.0	0.0	0.0	0.0	0.0	0.0
SP3	na	0.0	0.0	0.0	0.0	0.0	0.0	0.0
RBM45	na	0.0	0.0	0.0	0.0	0.0	0.0	0.0
ZC3H15	na	0.05035909912777373	0.07226626914336011	0.047474172814869375	0.04611931392490356	0.047243810892855564	0.0698768312588644	0.08264399344187873
GTF3C3	na	0.0	0.0	0.0	0.0	0.0	0.0	0.0
NDUFB3	na	0.09884662211289044	0.22537460468327153	0.03160993224568359	0.06239294324057756	0.08262533009685218	0.1873505024748054	0.1642271389945794
GIGYF2	na	0.0	0.0	0.0	0.0	0.0	0.0	0.0
TRAF3IP1	na	0.0	0.0	0.0	0.0	0.0	0.0	0.0
SEPT2	na	0.0776628549472584	0.15586962491883657	0.059242120949655065	0.047349427526611414	0.07149879608548532	0.09999830217472529	0.15268801047196304
FARP2	na	0.0	0.0	0.0	0.0	0.0	0.0	0.0
TATDN2	na	0.0	0.0	0.0	0.0	0.0	0.0	0.0
TMEM40	na	0.0	0.0	0.0	0.0	0.0	0.0	0.0
UBE2E1	na	0.0	0.0	0.0	0.0	0.0	0.0	0.0
NGLY1	na	0.0	0.0	0.0	0.0	0.0	0.0	0.0
DYNC1LI1	na	0.0	0.0	0.0	0.0	0.0	0.0	0.0
PDCD6IP	na	0.06178245726951976	0.07488537874338505	0.046619693732376184	0.04690757918297358	0.04612779695906587	0.0730147605957357	0.08057003460435942
NKTR	na	0.0	0.0	0.0	0.0	0.0	0.0	0.0
ZBTB47	na	0.0	0.0	0.0	0.0	0.0	0.0	0.0
ATRIP	na	0.0	0.0	0.0	0.0	0.0	0.0	0.0
ARIH2	na	0.0	0.0	0.0	0.0	0.0	0.0	0.0
RBM6	na	0.0	0.0	0.0	0.0	0.0	0.0	0.0
HEMK1	na	0.0	0.0	0.0	0.0	0.0	0.0	0.0
FAM208A	na	0.0	0.0	0.0	0.0	0.0	0.0	0.0
APPL1	na	0.0	0.0	0.0	0.0	0.0	0.0	0.0
FOXP1	na	0.05239395449141429	0.07153239100643184	0.06015971336288212	0.04026906904035981	0.04772731877962682	0.06797205954557087	0.07640274321531955
DCBLD2	na	0.0	0.0	0.0	0.0	0.0	0.0	0.0
NFKBIZ	na	0.08396588394943276	0.12722050903823304	0.0827211288181748	0.0697474655133746	0.07473205289894269	0.11994707426373584	0.14440712461915875
CFAP44	na	0.0	0.0	0.0	0.0	0.0	0.0	0.0
NDUFB4	na	0.25069841125116626	0.6104914118837335	0.03987994419214549	0.053927371398972836	0.16589469100969242	0.46951274294178846	0.45798244650032954
PODXL2	na	0.057152075492336724	0.06791246841105261	0.07729664441456224	0.029153170464305773	0.05607119883124428	0.09811780578586335	0.11182014312647447
ABTB1	na	0.0	0.0	0.0	0.0	0.0	0.0	0.0
ATP2C1	na	0.04215738100251839	0.06509484764714228	0.05585370312261901	0.04286260807855242	0.04662634493658305	0.07209963251594981	0.08528394049394016
ASTE1	na	0.0	0.0	0.0	0.0	0.0	0.0	0.0
DHX36	na	0.0	0.0	0.0	0.0	0.0	0.0	0.0
MFSD1	na	0.0	0.0	0.0	0.0	0.0	0.0	0.0
GOLIM4	na	0.0	0.0	0.0	0.0	0.0	0.0	0.0
YEATS2	na	0.0	0.0	0.0	0.0	0.0	0.0	0.0
DNAJB11	na	0.0	0.0	0.0	0.0	0.0	0.0	0.0
LPP	na	0.0	0.0	0.0	0.0	0.0	0.0	0.0
LETM1	na	0.0	0.0	0.0	0.0	0.0	0.0	0.0
C4orf48	na	0.0749901367025765	0.10308441692135657	0.09348923996488732	0.009812856979705123	0.08179426244977478	0.2839911622367098	0.16033993295450474
FAM193A	na	0.0	0.0	0.0	0.0	0.0	0.0	0.0
STK32B	na	0.0	0.0	0.0	0.0	0.0	0.0	0.0
JAKMIP1	na	0.0	0.0	0.0	0.0	0.0	0.0	0.0
WDR1	na	0.07098216064310503	0.1290656443642625	0.06554385137727246	0.054999504034855005	0.0666454921094473	0.11472206298387576	0.13195097858776078
QDPR	na	0.0	0.0	0.0	0.0	0.0	0.0	0.0
TLR1	na	0.0	0.0	0.0	0.0	0.0	0.0	0.0
FIP1L1	na	0.0	0.0	0.0	0.0	0.0	0.0	0.0
UTP3	na	0.0	0.0	0.0	0.0	0.0	0.0	0.0
CCNG2	na	0.06929357185713941	0.09908935184471027	0.05911522707216752	0.0879845749445615	0.06733076632597881	0.08599776668562714	0.11292402094160693
CXXC4	na	0.0	0.0	0.0	0.0	0.0	0.0	0.0
SEC24B	na	0.0	0.0	0.0	0.0	0.0	0.0	0.0
USP53	na	0.0	0.0	0.0	0.0	0.0	0.0	0.0
GAB1	na	0.0	0.0	0.0	0.0	0.0	0.0	0.0
SMARCA5	na	0.04293792255437277	0.06988045909797233	0.05923537633560351	0.039203865217252755	0.05034142040623532	0.06590882973166204	0.10190882287781083
LRBA	na	0.04896864498749333	0.0543077189005621	0.05821648050154427	0.049328880390107126	0.04615372315016622	0.05629150141226442	0.09405302123096192
RPS3A	na	0.7451776518689021	1.577703082669406	0.12224766155932963	0.18794103256798755	0.40150416124198074	0.981040049677557	1.339336625063393
SH3D19	na	0.0	0.0	0.0	0.0	0.0	0.0	0.0
WWC2	na	0.0	0.0	0.0	0.0	0.0	0.0	0.0
UFSP2	na	0.0	0.0	0.0	0.0	0.0	0.0	0.0
NKD2	na	0.0	0.0	0.0	0.0	0.0	0.0	0.0
CCT5	na	0.09818780791591064	0.21663845980218652	0.06705426570276378	0.08282712102524217	0.09720806617298659	0.1859456888858263	0.20749179937127463
DNAH5	na	0.0	0.0	0.0	0.0	0.0	0.0	0.0
MYO10	na	0.051619207841675716	0.06283697843239924	0.05506793041824078	0.048299872901235434	0.04737024663839883	0.07865358071945254	0.09249659192472433
LMBRD2	na	0.0	0.0	0.0	0.0	0.0	0.0	0.0
PAIP1	na	0.06536259569299012	0.11036640677696785	0.05523178568014723	0.051371930230961434	0.05909959676571105	0.10444612985189836	0.1175950814242635
KIF2A	na	0.0	0.0	0.0	0.0	0.0	0.0	0.0
MAST4	na	0.0	0.0	0.0	0.0	0.0	0.0	0.0
SLC30A5	na	0.0	0.0	0.0	0.0	0.0	0.0	0.0
SMN1	na	0.0	0.0	0.0	0.0	0.0	0.0	0.0
AGGF1	na	0.0	0.0	0.0	0.0	0.0	0.0	0.0
VCAN	na	0.0	0.0	0.0	0.0	0.0	0.0	0.0
ELL2	na	0.0	0.0	0.0	0.0	0.0	0.0	0.0
PAM	na	0.0	0.0	0.0	0.0	0.0	0.0	0.0
AP3S1	na	0.04555721296025547	0.0788064292266065	0.0439749815674336	0.05093416332542176	0.04848132354441105	0.07532866102897282	0.08677964502123615
HSD17B4	na	0.0	0.0	0.0	0.0	0.0	0.0	0.0
RAD50	na	0.0	0.0	0.0	0.0	0.0	0.0	0.0
SOWAHA	na	0.0	0.0	0.0	0.0	0.0	0.0	0.0
UQCRQ	na	0.416743165947934	1.0256764433468109	0.029137254556145614	0.12583731723152033	0.2545991498831011	0.7541051262234879	0.7851913871104916
FSTL4	na	0.0	0.0	0.0	0.0	0.0	0.0	0.0
HNRNPA0	na	0.05239538962250868	0.06978318427409747	0.06924639468971809	0.050746778678136595	0.054879728185846195	0.0776804029701358	0.09494638359717061
PFDN1	na	0.0	0.0	0.0	0.0	0.0	0.0	0.0
SRA1	na	0.0	0.0	0.0	0.0	0.0	0.0	0.0
EIF4EBP3	na	0.0	0.0	0.0	0.0	0.0	0.0	0.0
NDUFA2	na	0.12306674089058753	0.26265046846638146	0.04581369424259402	0.05198449219254781	0.09492030557616157	0.22115379045244607	0.23338501303955525
IK	na	0.0	0.0	0.0	0.0	0.0	0.0	0.0
PCDH12	na	0.0	0.0	0.0	0.0	0.0	0.0	0.0
TCERG1	na	0.0	0.0	0.0	0.0	0.0	0.0	0.0
FAM114A2	na	0.0	0.0	0.0	0.0	0.0	0.0	0.0
PWWP2A	na	0.0	0.0	0.0	0.0	0.0	0.0	0.0
C1QTNF2	na	0.0	0.0	0.0	0.0	0.0	0.0	0.0
HMMR	na	0.0	0.0	0.0	0.0	0.0	0.0	0.0
FAM193B	na	0.0	0.0	0.0	0.0	0.0	0.0	0.0
TRIM52	na	0.0	0.0	0.0	0.0	0.0	0.0	0.0
FOXC1	na	0.0	0.0	0.0	0.0	0.0	0.0	0.0
STMND1	na	0.0	0.0	0.0	0.0	0.0	0.0	0.0
DEK	na	0.0	0.0	0.0	0.0	0.0	0.0	0.0
HIST1H2BD	na	0.0	0.0	0.0	0.0	0.0	0.0	0.0
HIST1H3G	na	0.0	0.0	0.0	0.0	0.0	0.0	0.0
HIST1H1B	na	0.0	0.0	0.0	0.0	0.0	0.0	0.0
HLA-A	na	0.3074415008938285	0.7307226617353452	0.12005965115631674	0.21489985003883358	0.26761821329045404	0.715959040039806	0.649914817412427
TRIM26	na	0.0	0.0	0.0	0.0	0.0	0.0	0.0
HLA-C	na	0.19338047903592298	0.5989196164718585	0.012339988337250373	0.1924007083984445	0.18136191424028056	0.599720900383114	0.4070380858535055
HLA-B	na	0.284976167994295	0.7309884554294933	0.10560938244638882	0.27782894319241264	0.2771666909674857	0.7881671233290974	0.5778908520887505
EHMT2	na	0.0	0.0	0.0	0.0	0.0	0.0	0.0
HLA-DRB1	na	0.08730050504431737	0.26222599064288316	4.3465427445953886e-17	0.10041842148903445	0.10431825916820735	0.2808857957564126	0.16120826093925225
HLA-DQA1	na	0.0	0.0	0.0	0.0	0.0	0.0	0.0
HLA-DQB1	na	0.0	0.0	0.0	0.0	0.0	0.0	0.0
HLA-DQA2	na	0.04901020089976466	0.0829060559725658	0.04615377069972957	0.04911529065240338	0.0500747134013201	0.06984515423382368	0.08416493739949828
HLA-DQB2	na	0.0	0.0	0.0	0.0	0.0	0.0	0.0
SRSF3	na	0.0977125933028161	0.17960810784288206	0.07755802382144528	0.07896214233482006	0.08326805144977706	0.1516443870494743	0.17418544982969017
TRERF1	na	0.0	0.0	0.0	0.0	0.0	0.0	0.0
DST	na	0.0	0.0	0.0	0.0	0.0	0.0	0.0
KIAA1586	na	0.0	0.0	0.0	0.0	0.0	0.0	0.0
SMAP1	na	0.0	0.0	0.0	0.0	0.0	0.0	0.0
MAP3K7	na	0.0	0.0	0.0	0.0	0.0	0.0	0.0
ASCC3	na	0.041371172939802546	0.08801064293720735	0.03916085225590364	0.06558701687447879	0.050472078868324374	0.08078092904453565	0.08249040503536346
AK9	na	0.0	0.0	0.0	0.0	0.0	0.0	0.0
GTF3C6	na	0.09134058626832361	0.1848335600801315	0.04261424642038607	0.0849525518159106	0.075571360785233	0.1533431480346012	0.14172148822981964
RPF2	na	0.0	0.0	0.0	0.0	0.0	0.0	0.0
TSPYL4	na	0.0	0.0	0.0	0.0	0.0	0.0	0.0
SMPDL3A	na	0.0	0.0	0.0	0.0	0.0	0.0	0.0
NCOA7	na	0.04907126347795211	0.07589737789520103	0.04669215969549071	0.05713061034549772	0.04653560364848797	0.06078947380869775	0.07982297927986431
IFNGR1	na	0.05195948033490598	0.057180978251045525	0.0637626577154126	0.04577779901285042	0.05042111042191473	0.0758946556222321	0.09379604950832543
PERP	na	0.30363184012348954	0.5777648138723183	0.25413208043501156	0.03337618466116847	0.2215756920501093	0.4301928934498911	0.6913121613055729
CCDC28A	na	0.0	0.0	0.0	0.0	0.0	0.0	0.0
PHACTR2	na	0.0	0.0	0.0	0.0	0.0	0.0	0.0
ARID1B	na	0.04772667593206342	0.06334483952472801	0.05525188464775041	0.04320247300374932	0.046707169172931	0.06444933120105681	0.07454541983871198
PSMB1	na	0.12902362335507878	0.31205205670903735	0.08145619674171603	0.08016607530499234	0.12310113966805367	0.2699081714985178	0.29229735743555163
NUDT1	na	0.0	0.0	0.0	0.0	0.0	0.0	0.0
AP5Z1	na	0.0	0.0	0.0	0.0	0.0	0.0	0.0
RNF216	na	0.0	0.0	0.0	0.0	0.0	0.0	0.0
ZNF316	na	0.0	0.0	0.0	0.0	0.0	0.0	0.0
TWIST1	na	0.0	0.0	0.0	0.0	0.0	0.0	0.0
SCRN1	na	0.0	0.0	0.0	0.0	0.0	0.0	0.0
GARS	na	0.0	0.0	0.0	0.0	0.0	0.0	0.0
AVL9	na	0.0	0.0	0.0	0.0	0.0	0.0	0.0
AOAH	na	0.0	0.0	0.0	0.0	0.0	0.0	0.0
INHBA	na	0.0	0.0	0.0	0.0	0.0	0.0	0.0
PSMA2	na	0.06249558743886377	0.12462335192300569	0.04211901456405862	0.05890586489372111	0.06176980419669628	0.10874519322724956	0.11758978182216842
H2AFV	na	0.09810122550279651	0.16220668687087916	0.058984447363206884	0.06507684806230599	0.07510431299548889	0.1725199524745833	0.1536399540754631
ZNF107	na	0.0	0.0	0.0	0.0	0.0	0.0	0.0
KCTD7	na	0.0	0.0	0.0	0.0	0.0	0.0	0.0
RABGEF1	na	0.0	0.0	0.0	0.0	0.0	0.0	0.0
GTPBP10	na	0.0	0.0	0.0	0.0	0.0	0.0	0.0
AKAP9	na	0.040475155830329165	0.0576085255323943	0.04682965257516854	0.04174760588683377	0.044790178561748974	0.077754654783211	0.07826227735059034
COL1A2	na	0.35188879337812523	0.828921374317754	0.07590507154114509	0.14394455007912102	0.26850266264596595	0.7498491473134832	0.6503825730446101
ZKSCAN1	na	0.0	0.0	0.0	0.0	0.0	0.0	0.0
ZSCAN21	na	0.0	0.0	0.0	0.0	0.0	0.0	0.0
MCM7	na	0.06716173659104216	0.08671544378231738	0.04898019245679904	0.04573474607723419	0.049743929095055824	0.09173223318221788	0.08062675892973832
CNPY4	na	0.0	0.0	0.0	0.0	0.0	0.0	0.0
LAMTOR4	na	0.08744980281264889	0.20483739221162187	0.03588353166802993	0.08666519408776656	0.07820742350472257	0.18445555196139699	0.1333631896875878
GIGYF1	na	0.0	0.0	0.0	0.0	0.0	0.0	0.0
SRRT	na	0.04869412510683272	0.06169447593455363	0.05314842754907775	0.04281259546303188	0.04469260084767684	0.061562014577194464	0.06676903526642286
SH2B2	na	0.0	0.0	0.0	0.0	0.0	0.0	0.0
POLR2J3	na	0.0	0.0	0.0	0.0	0.0	0.0	0.0
POLR2J3	na	0.0	0.0	0.0	0.0	0.0	0.0	0.0
POLR2J3	na	0.0	0.0	0.0	0.0	0.0	0.0	0.0
POLR2J3	na	0.0	0.0	0.0	0.0	0.0	0.0	0.0
LRRC17	na	0.0	0.0	0.0	0.0	0.0	0.0	0.0
CPED1	na	0.0	0.0	0.0	0.0	0.0	0.0	0.0
NDUFA5	na	0.06317818680619497	0.1351215894181724	0.043335974697070394	0.06880386332022939	0.062026337369955345	0.13659836178879156	0.11744880417398693
WASL	na	0.045797767734874255	0.0870613696155088	0.04830193645605396	0.048996870763202485	0.04800237563237219	0.08241650375423214	0.08435027220480919
KMT2C	na	0.0	0.0	0.0	0.0	0.0	0.0	0.0
RBM33	na	0.0	0.0	0.0	0.0	0.0	0.0	0.0
NOM1	na	0.0	0.0	0.0	0.0	0.0	0.0	0.0
NCAPG2	na	0.0	0.0	0.0	0.0	0.0	0.0	0.0
TXLNG	na	0.0	0.0	0.0	0.0	0.0	0.0	0.0
RBM10	na	0.0526090666405517	0.0708909083206262	0.06567392908760628	0.056930651468194565	0.053251813912118307	0.07225214443450517	0.07955448471145453
PQBP1	na	0.04885352497762463	0.08791328003922941	0.039867415295585545	0.05411808324492659	0.049362440238991896	0.07578364148823215	0.09327192808560134
PHF8	na	0.0	0.0	0.0	0.0	0.0	0.0	0.0
MED12	na	0.0	0.0	0.0	0.0	0.0	0.0	0.0
ZNF711	na	0.0	0.0	0.0	0.0	0.0	0.0	0.0
AMOT	na	0.0	0.0	0.0	0.0	0.0	0.0	0.0
LAMP2	na	0.06251043672764174	0.10112018749345729	0.06298356470296476	0.05594651586804562	0.06036057195679412	0.10739676016173798	0.11469385343103168
HTATSF1	na	0.06102526721448514	0.07187876519394538	0.05030890892383233	0.05939192112423825	0.050745379064720764	0.06394893806902488	0.08056583896778104
HMGB3	na	0.059254497640206565	0.07424326730032282	0.06488848243617952	0.04845905841908799	0.05355932429070108	0.09578646002321552	0.1001223221757382
MECP2	na	0.0	0.0	0.0	0.0	0.0	0.0	0.0
DKC1	na	0.0	0.0	0.0	0.0	0.0	0.0	0.0
VPS37A	na	0.0	0.0	0.0	0.0	0.0	0.0	0.0
NAT1	na	0.0562096850761269	0.07185870325202691	0.060301271766218335	0.04360122135618109	0.0512997113462617	0.07232592091345112	0.09998391316255052
CCAR2	na	0.0	0.0	0.0	0.0	0.0	0.0	0.0
BNIP3L	na	0.0	0.0	0.0	0.0	0.0	0.0	0.0
ESCO2	na	0.0	0.0	0.0	0.0	0.0	0.0	0.0
PBK	na	0.0	0.0	0.0	0.0	0.0	0.0	0.0
KIF13B	na	0.0	0.0	0.0	0.0	0.0	0.0	0.0
LEPROTL1	na	0.0	0.0	0.0	0.0	0.0	0.0	0.0
PRKDC	na	0.050857568750097705	0.08054921792133729	0.06366980003494237	0.05786562553543921	0.055332484129394226	0.06899836467013375	0.09347163210836991
SNAI2	na	0.0	0.0	0.0	0.0	0.0	0.0	0.0
CSPP1	na	0.0	0.0	0.0	0.0	0.0	0.0	0.0
TERF1	na	0.0	0.0	0.0	0.0	0.0	0.0	0.0
ZFHX4	na	0.0	0.0	0.0	0.0	0.0	0.0	0.0
PABPC1	na	0.3828935593918162	1.1424370275114428	0.06665542885704791	0.08519401886969175	0.2860021020123206	1.003303346736624	0.9037754425675224
TRPS1	na	0.04838877001422276	0.06921678470191821	0.048995246758993666	0.04537531942122947	0.04533808981392105	0.0616842373507267	0.07985169316921703
KHDRBS3	na	0.0	0.0	0.0	0.0	0.0	0.0	0.0
MROH1	na	0.0	0.0	0.0	0.0	0.0	0.0	0.0
CYHR1	na	0.03869031752393512	0.059986339426596834	0.05083931013796115	0.04682017762655879	0.0424621786485824	0.0484299429563769	0.07848910609216744
RECQL4	na	0.0	0.0	0.0	0.0	0.0	0.0	0.0
CBWD1	na	0.0	0.0	0.0	0.0	0.0	0.0	0.0
PUM3	na	0.0	0.0	0.0	0.0	0.0	0.0	0.0
MLLT3	na	0.0	0.0	0.0	0.0	0.0	0.0	0.0
VCP	na	0.10229453734866463	0.1659841830351719	0.11754571053090963	0.08307754109528137	0.09932338874984604	0.1617171042970118	0.2092898131534255
UNC13B	na	0.0	0.0	0.0	0.0	0.0	0.0	0.0
CBWD5	na	0.0	0.0	0.0	0.0	0.0	0.0	0.0
TJP2	na	0.0	0.0	0.0	0.0	0.0	0.0	0.0
VPS13A	na	0.0	0.0	0.0	0.0	0.0	0.0	0.0
FBP1	na	0.06978578149594843	0.08379274865023066	0.03905042513897709	0.06167045380531864	0.05428397652911743	0.09613102448540867	0.08559529251871058
STX17	na	0.0	0.0	0.0	0.0	0.0	0.0	0.0
NDUFA8	na	0.06909246120498418	0.14831321153693827	0.04187218782255034	0.06044045777417267	0.06468991353687718	0.12084094964027176	0.13508358404656864
STRBP	na	0.0	0.0	0.0	0.0	0.0	0.0	0.0
ARPC5L	na	0.05516190455113557	0.13507731833288444	0.045085643481111284	0.06905534563388432	0.06010849977003163	0.11658749057988607	0.11359230671700607
ZNF79	na	0.0	0.0	0.0	0.0	0.0	0.0	0.0
LRSAM1	na	0.0	0.0	0.0	0.0	0.0	0.0	0.0
CIZ1	na	0.0	0.0	0.0	0.0	0.0	0.0	0.0
ODF2	na	0.0	0.0	0.0	0.0	0.0	0.0	0.0
ASS1	na	0.10650062693946111	0.29944570821868455	0.046641027672144585	0.099750408717508	0.11131553084352663	0.2966390524702073	0.2331181304762656
GTF3C5	na	0.0	0.0	0.0	0.0	0.0	0.0	0.0
CEL	na	0.0	0.0	0.0	0.0	0.0	0.0	0.0
REXO4	na	0.0	0.0	0.0	0.0	0.0	0.0	0.0
ADAMTS13	na	0.0	0.0	0.0	0.0	0.0	0.0	0.0
RABL6	na	0.08420114251267645	0.10380202495074295	0.0734031611570381	0.063016255027579	0.07277339213694768	0.12455001367201804	0.1315590542066953
DPP7	na	0.049387171271639496	0.08141189266305475	0.06058716739933028	0.052330173638745835	0.05723125712129559	0.07589505495746152	0.10096175196692661
GRIN1	na	0.0	0.0	0.0	0.0	0.0	0.0	0.0
SIGIRR	na	0.06051537693302133	0.08461253377002806	0.0649157211070053	0.04604118651686288	0.05550666180206554	0.07489393151183328	0.11439124320186239
DRD4	na	0.0	0.0	0.0	0.0	0.0	0.0	0.0
RPLP2	na	1.0090440757346057	2.7426231506400205	8.765569943326212e-25	0.2928177450647917	0.6225548131764758	2.1144246304388	2.0515537603017187
TSSC4	na	0.0	0.0	0.0	0.0	0.0	0.0	0.0
TRIM5	na	0.0	0.0	0.0	0.0	0.0	0.0	0.0
TIMM10B	na	0.0	0.0	0.0	0.0	0.0	0.0	0.0
ARL14EP	na	0.0	0.0	0.0	0.0	0.0	0.0	0.0
TCP11L1	na	0.0	0.0	0.0	0.0	0.0	0.0	0.0
FAM111B	na	0.0	0.0	0.0	0.0	0.0	0.0	0.0
UQCC3	na	0.07493566314566354	0.11936152726754591	0.047998588748818266	0.060235492609665486	0.06170239478647063	0.09394526029310553	0.12044259406901713
STX5	na	0.0	0.0	0.0	0.0	0.0	0.0	0.0
ARL2	na	0.0	0.0	0.0	0.0	0.0	0.0	0.0
SIPA1	na	0.0	0.0	0.0	0.0	0.0	0.0	0.0
RBM4	na	0.0	0.0	0.0	0.0	0.0	0.0	0.0
PPFIA1	na	0.0	0.0	0.0	0.0	0.0	0.0	0.0
PAK1	na	0.0	0.0	0.0	0.0	0.0	0.0	0.0
CADM1	na	0.0	0.0	0.0	0.0	0.0	0.0	0.0
CEP164	na	0.0	0.0	0.0	0.0	0.0	0.0	0.0
TMPRSS13	na	0.0	0.0	0.0	0.0	0.0	0.0	0.0
FAM208B	na	0.0	0.0	0.0	0.0	0.0	0.0	0.0
STAM	na	0.0	0.0	0.0	0.0	0.0	0.0	0.0
MSRB2	na	0.05634927427185389	0.09551595193229433	0.033960973021000075	0.05561154016159277	0.052930916205798303	0.09784943905717679	0.08525189328922202
LYZL2	na	0.0	0.0	0.0	0.0	0.0	0.0	0.0
ZEB1	na	0.0	0.0	0.0	0.0	0.0	0.0	0.0
EPC1	na	0.0	0.0	0.0	0.0	0.0	0.0	0.0
PARD3	na	0.0	0.0	0.0	0.0	0.0	0.0	0.0
AGAP9	na	0.0	0.0	0.0	0.0	0.0	0.0	0.0
ANK3	na	0.0	0.0	0.0	0.0	0.0	0.0	0.0
ARID5B	na	0.0	0.0	0.0	0.0	0.0	0.0	0.0
DNAJC12	na	0.049357878725082426	0.09629168577763315	0.05022000147294794	0.03573823329085661	0.05551607705353648	0.09115299208225389	0.10136983432263058
DDX50	na	0.0	0.0	0.0	0.0	0.0	0.0	0.0
FAM149B1	na	0.0	0.0	0.0	0.0	0.0	0.0	0.0
DNAJC9	na	0.0	0.0	0.0	0.0	0.0	0.0	0.0
FUT11	na	0.0	0.0	0.0	0.0	0.0	0.0	0.0
KAT6B	na	0.0	0.0	0.0	0.0	0.0	0.0	0.0
COMTD1	na	0.0	0.0	0.0	0.0	0.0	0.0	0.0
KCNMA1	na	0.0	0.0	0.0	0.0	0.0	0.0	0.0
ANXA11	na	0.04764053277064798	0.06656884492823603	0.05222340005910399	0.04151598770910817	0.04368352266985347	0.06320752673186955	0.0773442933914881
TM9SF3	na	0.06433612755989217	0.06777241415760095	0.06336997410075224	0.05943567087299217	0.05749551651213129	0.09023191501666122	0.10062410864628644
HPS1	na	0.0	0.0	0.0	0.0	0.0	0.0	0.0
BTRC	na	0.0	0.0	0.0	0.0	0.0	0.0	0.0
DPCD	na	0.0	0.0	0.0	0.0	0.0	0.0	0.0
POLL	na	0.0	0.0	0.0	0.0	0.0	0.0	0.0
HPS6	na	0.0	0.0	0.0	0.0	0.0	0.0	0.0
NOLC1	na	0.0	0.0	0.0	0.0	0.0	0.0	0.0
NFKB2	na	0.0	0.0	0.0	0.0	0.0	0.0	0.0
TCF7L2	na	0.0	0.0	0.0	0.0	0.0	0.0	0.0
SHTN1	na	0.0	0.0	0.0	0.0	0.0	0.0	0.0
RGS10	na	0.05687617441097326	0.09006083260087823	0.03359711968110069	0.06138845393388877	0.05219890835164647	0.08131354147702965	0.10401784825209026
BUB3	na	0.05424061018376151	0.09081276956808473	0.047064857409087765	0.04778204120556317	0.049414173378141454	0.07771987821760358	0.08508640171366298
ZRANB1	na	0.0	0.0	0.0	0.0	0.0	0.0	0.0
CTBP2	na	0.05369692255061415	0.08616718930324654	0.045853040418597155	0.05241027697861473	0.05080052177427638	0.07987586906587671	0.10019203366391001
MKI67	na	0.0	0.0	0.0	0.0	0.0	0.0	0.0
ECHS1	na	0.0621184923901713	0.11775732755552373	0.061485809109444706	0.046466158331317564	0.06353138075555122	0.11295663325064996	0.12570002444352718
RAD51AP1	na	0.0	0.0	0.0	0.0	0.0	0.0	0.0
ENO2	na	0.0	0.0	0.0	0.0	0.0	0.0	0.0
PRH1	na	0.0	0.0	0.0	0.0	0.0	0.0	0.0
FAR2	na	0.0	0.0	0.0	0.0	0.0	0.0	0.0
KIAA1551	na	0.0	0.0	0.0	0.0	0.0	0.0	0.0
KRT18	na	0.29369791522976363	0.734732267835135	0.06806314726870769	0.06983793307221357	0.21502481356832837	0.6730493962979724	0.6573153360870335
XPOT	na	0.0	0.0	0.0	0.0	0.0	0.0	0.0
VEZT	na	0.0	0.0	0.0	0.0	0.0	0.0	0.0
METAP2	na	0.04509393278853637	0.07345309145012971	0.049622436175580265	0.04632015635835468	0.044725982358119816	0.05980900555924267	0.08513625425088175
VSIG10	na	0.0	0.0	0.0	0.0	0.0	0.0	0.0
RPLP0	na	0.5673688199735432	1.3806922489899336	0.13388260490759393	0.2636218696669621	0.3858059196476621	1.0580651605398261	1.1892295880467667
MLEC	na	0.0602417225510741	0.05154265324666927	0.0765494408696567	0.07573886313597607	0.057400535379048837	0.04601238857634709	0.09064205100199381
PSMD9	na	0.0	0.0	0.0	0.0	0.0	0.0	0.0
ARL6IP4	na	0.10307685739561415	0.13378535118844867	0.06100100674118553	0.05596240803783539	0.0725407272031083	0.1273568066384172	0.15013969776276875
POLE	na	0.0	0.0	0.0	0.0	0.0	0.0	0.0
ZC3H13	na	0.0	0.0	0.0	0.0	0.0	0.0	0.0
MZT1	na	0.0	0.0	0.0	0.0	0.0	0.0	0.0
ABCC4	na	0.0	0.0	0.0	0.0	0.0	0.0	0.0
ERCC5	na	0.0	0.0	0.0	0.0	0.0	0.0	0.0
ABHD13	na	0.0	0.0	0.0	0.0	0.0	0.0	0.0
ACIN1	na	0.0	0.0	0.0	0.0	0.0	0.0	0.0
PABPN1	na	0.0	0.0	0.0	0.0	0.0	0.0	0.0
THTPA	na	0.0	0.0	0.0	0.0	0.0	0.0	0.0
AP1G2	na	0.0	0.0	0.0	0.0	0.0	0.0	0.0
RIPK3	na	0.0	0.0	0.0	0.0	0.0	0.0	0.0
POLE2	na	0.0	0.0	0.0	0.0	0.0	0.0	0.0
ARID4A	na	0.0	0.0	0.0	0.0	0.0	0.0	0.0
ZBTB1	na	0.0	0.0	0.0	0.0	0.0	0.0	0.0
IRF2BPL	na	0.0	0.0	0.0	0.0	0.0	0.0	0.0
TRIP11	na	0.0	0.0	0.0	0.0	0.0	0.0	0.0
BTBD7	na	0.0	0.0	0.0	0.0	0.0	0.0	0.0
YY1	na	0.045389100282046436	0.07700883883365621	0.03596131400890321	0.057570861219928285	0.0460919939691724	0.060034641235584524	0.07955513655149414
HSP90AA1	na	0.31860404164910855	0.8750474301339125	0.08786121868001584	0.18302072622659812	0.25783931829996787	0.8565905871213173	0.6812173099028569
TECPR2	na	0.0	0.0	0.0	0.0	0.0	0.0	0.0
CDC42BPB	na	0.0	0.0	0.0	0.0	0.0	0.0	0.0
EMC7	na	0.0	0.0	0.0	0.0	0.0	0.0	0.0
SPINT1	na	0.09064021311798133	0.09212439986696516	0.05663131494612666	0.07682442832952059	0.06423523158687083	0.08380513383335701	0.10287641125719008
SERF2	na	1.4051893410996816	3.407436849109231	0.37773095637623216	0.028576549387528665	0.8292611979496834	2.342666746175649	3.0035775755254126
PATL2	na	0.0	0.0	0.0	0.0	0.0	0.0	0.0
GALK2	na	0.0	0.0	0.0	0.0	0.0	0.0	0.0
FAM227B	na	0.0	0.0	0.0	0.0	0.0	0.0	0.0
TEX9	na	0.0	0.0	0.0	0.0	0.0	0.0	0.0
MNS1	na	0.0	0.0	0.0	0.0	0.0	0.0	0.0
CGNL1	na	0.0	0.0	0.0	0.0	0.0	0.0	0.0
MTFMT	na	0.0	0.0	0.0	0.0	0.0	0.0	0.0
PML	na	0.0	0.0	0.0	0.0	0.0	0.0	0.0
SRRM2	na	0.10120936181576302	0.07642999866842975	0.12532045519912005	0.10234268806042807	0.0875485961454581	0.09132630812314702	0.13612227626686088
PLA2G10	na	0.0	0.0	0.0	0.0	0.0	0.0	0.0
NPIPA3	na	0.0	0.0	0.0	0.0	0.0	0.0	0.0
NPIPA1	na	0.0	0.0	0.0	0.0	0.0	0.0	0.0
UBFD1	na	0.0	0.0	0.0	0.0	0.0	0.0	0.0
TNRC6A	na	0.0	0.0	0.0	0.0	0.0	0.0	0.0
RABEP2	na	0.0	0.0	0.0	0.0	0.0	0.0	0.0
NFATC2IP	na	0.0	0.0	0.0	0.0	0.0	0.0	0.0
SPNS1	na	0.0	0.0	0.0	0.0	0.0	0.0	0.0
SULT1A3	na	0.0	0.0	0.0	0.0	0.0	0.0	0.0
ZNF768	na	0.0	0.0	0.0	0.0	0.0	0.0	0.0
SRCAP	na	0.0	0.0	0.0	0.0	0.0	0.0	0.0
CCDC113	na	0.0	0.0	0.0	0.0	0.0	0.0	0.0
NAE1	na	0.0	0.0	0.0	0.0	0.0	0.0	0.0
NOL3	na	0.0	0.0	0.0	0.0	0.0	0.0	0.0
EDC4	na	0.0	0.0	0.0	0.0	0.0	0.0	0.0
NQO1	na	0.1219491994330848	0.2325277473171875	0.08722488235617518	0.05754010209177926	0.10081801285557884	0.15772055043530472	0.2599152289909224
NOB1	na	0.0	0.0	0.0	0.0	0.0	0.0	0.0
AARS	na	0.06337443105748286	0.06186668169069941	0.06327269315220894	0.04687617421774248	0.050451155957819245	0.06329346228608174	0.09161443244832469
ATP2C2	na	0.0	0.0	0.0	0.0	0.0	0.0	0.0
KIAA0513	na	0.0	0.0	0.0	0.0	0.0	0.0	0.0
GSE1	na	0.07794762926361556	0.11609408583734326	0.06822763390044215	0.08409540191315348	0.07221201372544367	0.09856601742575069	0.1344478935416812
DBNDD1	na	0.04487021506679553	0.06891170269555127	0.04412862369968584	0.0464729649459708	0.04620668015994121	0.05590257856473299	0.08434587177910305
GAS8	na	0.05501332161942834	0.04728148721855146	0.0684029783372059	0.05521420175926142	0.0539646987223555	0.060703254197504435	0.07871897398311718
NXN	na	0.0	0.0	0.0	0.0	0.0	0.0	0.0
MYO1C	na	0.06703339002891705	0.08834910476493843	0.05391377819287578	0.0452743075780045	0.05375429772499616	0.1138262234718517	0.10199823518462517
ZZEF1	na	0.0	0.0	0.0	0.0	0.0	0.0	0.0
CYB5D2	na	0.0	0.0	0.0	0.0	0.0	0.0	0.0
ANKFY1	na	0.0	0.0	0.0	0.0	0.0	0.0	0.0
PELP1	na	0.0	0.0	0.0	0.0	0.0	0.0	0.0
KIF1C	na	0.0	0.0	0.0	0.0	0.0	0.0	0.0
NAA38	na	0.07175561365907135	0.17764680548557424	0.0370014156745673	0.058340068664755516	0.0691743286939455	0.13111129164270796	0.1344461207953989
CHD3	na	0.0	0.0	0.0	0.0	0.0	0.0	0.0
MYH10	na	0.0	0.0	0.0	0.0	0.0	0.0	0.0
SUPT6H	na	0.07461051611389366	0.08305824686815712	0.07148872932206282	0.062334526889579654	0.06080436912495881	0.09107174824295645	0.11224972995752681
MYO18A	na	0.0	0.0	0.0	0.0	0.0	0.0	0.0
NUFIP2	na	0.10769052398799508	0.16647282702878777	0.0942261743784772	0.06935815240823019	0.09060478256934038	0.18049281328291553	0.19753259174856008
NF1	na	0.04756079502457111	0.07038417276306683	0.04975113079198964	0.05250971637837524	0.04887820337813804	0.06413133450998833	0.08222237341258158
AP2B1	na	0.20214557307943873	0.3158947188082076	0.16335791717845705	0.10335268899143614	0.15593241715006684	0.3170259161746838	0.3566956951980617
TAF15	na	0.0	0.0	0.0	0.0	0.0	0.0	0.0
AATF	na	0.1271798620265042	0.21499482085209498	0.116073413162382	0.036285839479533746	0.09867733347229997	0.20490982858069734	0.22435438577860436
ERBB2	na	1.6256613927028403	2.119225587254619	1.5830142403471392	0.9942960123521698	1.265205034669157	1.6396493624283208	2.880613939740439
MIEN1	na	0.5351881625248969	1.0869106105110893	0.19870183371464092	0.1797628615429838	0.3272839032640706	0.7509993695089975	0.9445916947127024
CDC6	na	0.0	0.0	0.0	0.0	0.0	0.0	0.0
NBR1	na	0.0	0.0	0.0	0.0	0.0	0.0	0.0
GJC1	na	0.0	0.0	0.0	0.0	0.0	0.0	0.0
COL1A1	na	0.3758645211155099	0.7312630654749376	0.15591038559758646	0.08447288719147643	0.2514527338527791	0.6708375866326637	0.6077859877248876
MRPL27	na	0.40630403855332153	0.8214614147457946	0.19564539568875414	0.1380262340639829	0.27249883265804514	0.6249093163688996	0.7249149086043618
RSAD1	na	0.05206434987758766	0.06636367955626538	0.05838757962358825	0.05529203925933646	0.053952680744009496	0.0722669490904112	0.09109506975900868
ANKRD40	na	0.11920782388867993	0.14892635030534715	0.11400959253145773	0.05008919398966834	0.09175934651856044	0.1548187385488239	0.2031428780120303
LUC7L3	na	0.17552970130922918	0.2416771553588303	0.20245545811949625	0.10921754172479822	0.14885653556457734	0.2097637528905393	0.30164710224115904
NACA2	na	0.0	0.0	0.0	0.0	0.0	0.0	0.0
TEX2	na	0.0427900087646109	0.10366701683894874	0.04560177533732683	0.05224901599906287	0.05524104300680035	0.08977250600407963	0.10879883386095565
DDX5	na	0.34277675671673913	0.7232423720585642	0.2611468242840553	0.12905729506890518	0.2767660807999509	0.5647583725388141	0.743749222572971
FAM104A	na	0.0	0.0	0.0	0.0	0.0	0.0	0.0
C17orf80	na	0.0	0.0	0.0	0.0	0.0	0.0	0.0
MRPS7	na	0.04498151030242586	0.08682260472047619	0.05137098756674081	0.05077280559674721	0.04766570317800432	0.05369821660194393	0.08834614492316561
MRPL38	na	0.0	0.0	0.0	0.0	0.0	0.0	0.0
SRP68	na	0.0	0.0	0.0	0.0	0.0	0.0	0.0
TIMP2	na	0.0632384025449886	0.11331431027491688	0.06527526754257691	0.04500181273188729	0.06397490229035303	0.12199558712106998	0.12862486445065802
GAA	na	0.0	0.0	0.0	0.0	0.0	0.0	0.0
CARD14	na	0.0	0.0	0.0	0.0	0.0	0.0	0.0
SLC16A3	na	0.0	0.0	0.0	0.0	0.0	0.0	0.0
NDUFV2	na	0.10120218300847936	0.2577552034388538	0.045541088735698905	0.06176195837876996	0.0922668293515378	0.20506282830226488	0.23102058844742185
ANKRD12	na	0.0	0.0	0.0	0.0	0.0	0.0	0.0
TUBB6	na	0.0	0.0	0.0	0.0	0.0	0.0	0.0
SEH1L	na	0.0	0.0	0.0	0.0	0.0	0.0	0.0
ESCO1	na	0.0	0.0	0.0	0.0	0.0	0.0	0.0
OSBPL1A	na	0.0	0.0	0.0	0.0	0.0	0.0	0.0
GALNT1	na	0.04961678673586409	0.07548059961882567	0.052614159313983375	0.04432414532757858	0.04772723977412545	0.055341665415826004	0.08003990860221798
SOX12	na	0.0	0.0	0.0	0.0	0.0	0.0	0.0
MCM8	na	0.0	0.0	0.0	0.0	0.0	0.0	0.0
PLCB1	na	0.0	0.0	0.0	0.0	0.0	0.0	0.0
KIF16B	na	0.0	0.0	0.0	0.0	0.0	0.0	0.0
CD93	na	0.0	0.0	0.0	0.0	0.0	0.0	0.0
GZF1	na	0.0	0.0	0.0	0.0	0.0	0.0	0.0
KIF3B	na	0.0	0.0	0.0	0.0	0.0	0.0	0.0
ZMYND8	na	0.05507259497094743	0.11182789154658156	0.06550134528032513	0.056623986083458595	0.06185794048690978	0.11003173784783478	0.10483931159737264
NCOA3	na	0.0	0.0	0.0	0.0	0.0	0.0	0.0
RNF114	na	0.0616588668705649	0.10413842229051146	0.04580266226022685	0.06398904005086423	0.054776551272026665	0.08001776524007573	0.09850146844552167
TPD52L2	na	0.0784181005437289	0.12352395087191166	0.06821780452873367	0.05296465587640845	0.0696752852986098	0.11821692805870451	0.1455564520761233
MYT1	na	0.0	0.0	0.0	0.0	0.0	0.0	0.0
WDR18	na	0.05068692820450696	0.05682158428343462	0.044080801447595276	0.0472515001029649	0.04491229952488797	0.06437461935741054	0.07046671254407698
MBD3	na	0.04933511688234985	0.049710448223742966	0.05075705522130101	0.05319290820476478	0.045818920716471305	0.06804257997471504	0.06492597823993576
SF3A2	na	0.0	0.0	0.0	0.0	0.0	0.0	0.0
PIAS4	na	0.0	0.0	0.0	0.0	0.0	0.0	0.0
GTF2F1	na	0.0	0.0	0.0	0.0	0.0	0.0	0.0
TRAPPC5	na	0.0	0.0	0.0	0.0	0.0	0.0	0.0
ELAVL1	na	0.04654225747130737	0.06809299440318889	0.04719917782491868	0.043689747416193206	0.04657895416673432	0.0651834484601653	0.0773879203821663
CERS4	na	0.05971703253883172	0.05726028742405549	0.05212550663920169	0.08349144586812324	0.055831170773135014	0.06501549956764897	0.08409793328066337
DNM2	na	0.0	0.0	0.0	0.0	0.0	0.0	0.0
DHPS	na	0.0	0.0	0.0	0.0	0.0	0.0	0.0
NOTCH3	na	0.049451177838672256	0.06957369987987218	0.05849943229063155	0.042670291285694086	0.05180486917980592	0.07810993631679541	0.10293820181079553
USHBP1	na	0.0	0.0	0.0	0.0	0.0	0.0	0.0
BABAM1	na	0.0	0.0	0.0	0.0	0.0	0.0	0.0
JUND	na	0.08365061755891946	0.11376089367221702	0.10540360158537877	0.07079732373511591	0.08273488482501369	0.11776529700258745	0.17452165868646644
NDUFA13	na	0.19623113453233987	0.38251496436012433	0.1070368181902735	0.11229482240328179	0.15669688420153702	0.32258027524840427	0.3880972945764881
ZNF681	na	0.0	0.0	0.0	0.0	0.0	0.0	0.0
UBA2	na	0.0	0.0	0.0	0.0	0.0	0.0	0.0
COX6B1	na	0.20950634137812363	0.515037997452588	0.027127649526481626	0.09458742510418543	0.14954301048271926	0.383186634811441	0.4161356760116669
ARHGAP33	na	0.0	0.0	0.0	0.0	0.0	0.0	0.0
CAPNS1	na	0.08735409770783156	0.1520509477807397	0.08812645186362662	0.05477427285318278	0.08332908710928774	0.15718911984417733	0.18072132528716997
SPRED3	na	0.0	0.0	0.0	0.0	0.0	0.0	0.0
FAM98C	na	0.0	0.0	0.0	0.0	0.0	0.0	0.0
RYR1	na	0.0	0.0	0.0	0.0	0.0	0.0	0.0
ZNF428	na	0.0	0.0	0.0	0.0	0.0	0.0	0.0
APOC1	na	0.18525976981162526	0.36445025348839405	0.025510310588393013	0.12045397322793854	0.14167971045326347	0.4163829574470834	0.30773623072521644
CLPTM1	na	0.051953244399499596	0.046320074486646004	0.046719721320022084	0.05024006138129798	0.046165992187096404	0.06683660689189014	0.07493449940966022
CD3EAP	na	0.0	0.0	0.0	0.0	0.0	0.0	0.0
ERCC1	na	0.0	0.0	0.0	0.0	0.0	0.0	0.0
ZC3H4	na	0.0	0.0	0.0	0.0	0.0	0.0	0.0
CCDC9	na	0.0	0.0	0.0	0.0	0.0	0.0	0.0
NUCB1	na	0.0	0.0	0.0	0.0	0.0	0.0	0.0
SCAF1	na	0.0	0.0	0.0	0.0	0.0	0.0	0.0
MYH14	na	0.0	0.0	0.0	0.0	0.0	0.0	0.0
LILRB4	na	0.0	0.0	0.0	0.0	0.0	0.0	0.0
PPP6R1	na	0.03939719189181498	0.059807132314386724	0.05273044132197635	0.04219698122954072	0.04277175421474655	0.06269130632730732	0.07581961557099456
IL11	na	0.0	0.0	0.0	0.0	0.0	0.0	0.0
TRMT2A	na	0.0	0.0	0.0	0.0	0.0	0.0	0.0
RANBP1	na	0.06948560839097555	0.12874717289187576	0.043959497178313274	0.054559023484576676	0.06635152749445265	0.12244161167065033	0.12833773350092084
GGT1	na	0.034525224636028015	0.03775102990911008	0.06123077403728213	0.06605304337488423	0.05147103740309978	0.051266968739200725	0.08711748103385568
CCDC117	na	0.0	0.0	0.0	0.0	0.0	0.0	0.0
MORC2	na	0.0	0.0	0.0	0.0	0.0	0.0	0.0
MYH9	na	0.1535186721895098	0.2642621879935902	0.10605436490614316	0.06748171364603893	0.11935625659975317	0.2787714493571851	0.3032743291445221
TST	na	0.05687036988565614	0.08352468109044676	0.03636697227142374	0.0685073055781498	0.050276954614827445	0.07959328024422042	0.06523421204202193
SH3BP1	na	0.0	0.0	0.0	0.0	0.0	0.0	0.0
GCAT	na	0.0	0.0	0.0	0.0	0.0	0.0	0.0
MICALL1	na	0.0	0.0	0.0	0.0	0.0	0.0	0.0
PLA2G6	na	0.0	0.0	0.0	0.0	0.0	0.0	0.0
SREBF2	na	0.054432061442753484	0.07783821466083617	0.06116976702798766	0.05633295907567411	0.0517588211261628	0.06352416190523937	0.078917901440735
U2AF1L5	na	0.0	0.0	0.0	0.0	0.0	0.0	0.0
LTN1	na	0.0	0.0	0.0	0.0	0.0	0.0	0.0
GART	na	0.0	0.0	0.0	0.0	0.0	0.0	0.0
SON	na	0.1033256269148826	0.20675140525216834	0.07071057742558814	0.10683291380602525	0.09951373209740676	0.21998576055453103	0.18413483076111076
TTC3	na	0.05559782571575714	0.0933105137164945	0.03649081586074825	0.05817302137652443	0.05205133452068133	0.08908678725911708	0.08720613958082701
