NAME	DESCRIPTION	1	2	3	4	5	6	7
ISG15	na	0.22234682482632162	0.4004444975496481	0.2482118999438963	0.12681313170963404	0.2119365194216885	0.41169557901794074	0.5169396345138779
DVL1	na	0.0	0.0	0.0	0.0	0.0	0.0	0.0
ATAD3B	na	0.0	0.0	0.0	0.0	0.0	0.0	0.0
RERE	na	0.0	0.0	0.0	0.0	0.0	0.0	0.0
SLC2A5	na	0.0	0.0	0.0	0.0	0.0	0.0	0.0
CLSTN1	na	0.05651732253963273	0.037281118461439576	0.0959129486798776	0.09859520110508571	0.0733978444083347	0.04399153212728278	0.06854972084922449
EXOSC10	na	0.0	0.0	0.0	0.0	0.0	0.0	0.0
PRDM2	na	0.0	0.0	0.0	0.0	0.0	0.0	0.0
EIF4G3	na	0.0	0.0	0.0	0.0	0.0	0.0	0.0
CNKSR1	na	0.0	0.0	0.0	0.0	0.0	0.0	0.0
UBXN11	na	0.0	0.0	0.0	0.0	0.0	0.0	0.0
EIF3I	na	0.06363991678182801	0.04673027603268355	0.09343436984648441	0.0957082511652901	0.07025876391284477	0.058412096436462356	0.08070143405555258
THRAP3	na	0.05045009911402044	0.006548155407670626	0.07802038867231807	0.09263712699179008	0.06330296086821484	0.03857599369581545	0.04217072073399134
SNIP1	na	0.0	0.0	0.0	0.0	0.0	0.0	0.0
PABPC4	na	0.10668198828325395	0.06278434027284147	0.11781666455195566	0.14219205157584114	0.09696710404816475	0.09858526798074156	0.11038984544715666
CAP1	na	0.1100154175705272	0.15405974931829153	0.14295391876127364	0.10986359306785008	0.1093730412957309	0.1410837950588369	0.20422334246404295
IPP	na	0.0	0.0	0.0	0.0	0.0	0.0	0.0
MAST2	na	0.04574619863775125	0.0300931111491545	0.07987172300078932	0.07319971389629824	0.057851566775266934	0.033571306699755984	0.044746636866260736
PIK3R3	na	0.056062601077797	0.017420479050184914	0.08623547708301149	0.13159381156737052	0.07858105091584724	0.054128950318179235	0.06254968863152248
NDC1	na	0.0	0.0	0.0	0.0	0.0	0.0	0.0
JUN	na	0.07604983421023902	0.04252409087641857	0.10766586711895591	0.10007937413077933	0.08411996322414601	0.0711150212651817	0.09805177085127842
SERBP1	na	0.08501986901162162	0.07466387692666454	0.1357642026664233	0.13941898322971213	0.10186390938980389	0.08806006399230733	0.1227635759491298
BCL10	na	0.0	0.0	0.0	0.0	0.0	0.0	0.0
RBMXL1	na	0.0	0.0	0.0	0.0	0.0	0.0	0.0
GBP3	na	0.0	0.0	0.0	0.0	0.0	0.0	0.0
CCDC18	na	0.0	0.0	0.0	0.0	0.0	0.0	0.0
DPYD	na	0.0	0.0	0.0	0.0	0.0	0.0	0.0
PRPF38B	na	0.0	0.0	0.0	0.0	0.0	0.0	0.0
STXBP3	na	0.0	0.0	0.0	0.0	0.0	0.0	0.0
SLC16A4	na	0.0	0.0	0.0	0.0	0.0	0.0	0.0
DDX20	na	0.0	0.0	0.0	0.0	0.0	0.0	0.0
NGF	na	0.0	0.0	0.0	0.0	0.0	0.0	0.0
IGSF3	na	0.047158021184330885	0.024907452402123754	0.074397463533829	0.09325639299024442	0.0586302797085988	0.043496276655836254	0.06235379480727752
NBPF15	na	0.0	0.0	0.0	0.0	0.0	0.0	0.0
POLR3GL	na	0.0	0.0	0.0	0.0	0.0	0.0	0.0
NBPF12	na	0.0	0.0	0.0	0.0	0.0	0.0	0.0
NBPF11	na	0.0	0.0	0.0	0.0	0.0	0.0	0.0
HIST2H2AA4	na	0.06890405889742979	0.06883799855232771	0.06908609832982715	0.054700191810639696	0.049452296305322926	0.043680157804068136	0.08184826665045712
HIST2H2BE	na	0.06214389401046759	0.041835723515376434	0.08468991415769278	0.08606551346639228	0.06253877021727704	0.07547046535646677	0.07732966868972205
PRPF3	na	0.05318245365402839	0.02406148702221415	0.08449826927552748	0.09666299974673692	0.06736408672131546	0.038871063259888226	0.06269657367410335
CDC42SE1	na	0.08015343623221975	0.03119373878911261	0.090795903765247	0.07537916090442313	0.06337713205131168	0.0553682676225993	0.07059031420694298
HAX1	na	0.05142140698333578	0.027113490173863917	0.0558198950823746	0.07386050754756956	0.0521988027624984	0.05555886834772465	0.06703083695086007
PBXIP1	na	0.0433947494865642	0.02763858068997632	0.07524095060702451	0.1031424550501907	0.06673521196044903	0.015386379275415434	0.06784269155124983
ADAM15	na	0.059480264483090156	0.016549856846435347	0.0951722926549546	0.1321739060235341	0.08093628473068977	0.04227142838203761	0.08259662884483467
EFNA3	na	0.0	0.0	0.0	0.0	0.0	0.0	0.0
THBS3	na	0.0	0.0	0.0	0.0	0.0	0.0	0.0
MTX1	na	0.04558343278326771	0.03920795266598839	0.06855748856450597	0.08601781800731101	0.055160034029196454	0.031048115475025253	0.06504947299127883
SCAMP3	na	0.059602890589491316	0.025985403337575083	0.10702394552631268	0.11375266264244303	0.07439716745456301	0.028330407955522274	0.06178677398598652
ASH1L	na	0.0	0.0	0.0	0.0	0.0	0.0	0.0
YY1AP1	na	0.04004673544419175	0.01761526723459611	0.08167346054321295	0.10116006511971465	0.06224009140262693	0.02794404394570406	0.0653818753271085
MEX3A	na	0.0	0.0	0.0	0.0	0.0	0.0	0.0
LMNA	na	0.08345200741500036	0.055736641422304195	0.1316466497252641	0.11555815930905633	0.09442692530462736	0.055935123317351704	0.11284602962848593
PMF1	na	0.0	0.0	0.0	0.0	0.0	0.0	0.0
USP21	na	0.0	0.0	0.0	0.0	0.0	0.0	0.0
RC3H1	na	0.0	0.0	0.0	0.0	0.0	0.0	0.0
CEP350	na	0.0	0.0	0.0	0.0	0.0	0.0	0.0
TPR	na	0.0	0.0	0.0	0.0	0.0	0.0	0.0
ADIPOR1	na	0.07936814890132414	0.038993767410085575	0.09961174667223384	0.13132853681342369	0.07652692006454502	0.03822056033934298	0.08112196107500379
SRGAP2	na	0.0	0.0	0.0	0.0	0.0	0.0	0.0
INTS7	na	0.0	0.0	0.0	0.0	0.0	0.0	0.0
PPP2R5A	na	0.04120314822230639	0.0262468590734326	0.0774204780598858	0.08395451199362018	0.061365732641020077	0.026789535791153937	0.06252487554965111
TMEM63A	na	0.051365333729934654	0.02685522960594073	0.0782271904602007	0.09807644083252284	0.06636421684628016	0.022050016366799097	0.06213521065620075
ARV1	na	0.0	0.0	0.0	0.0	0.0	0.0	0.0
RBM34	na	0.0	0.0	0.0	0.0	0.0	0.0	0.0
ARID4B	na	0.036821184609719636	0.02268638033198278	0.06943717271797001	0.0866851880206361	0.058667543219085065	0.03825671043536735	0.06372277061914887
KMO	na	0.043628853267410554	0.02340572149787553	0.07023100013275613	0.08401542120847294	0.05767885341407633	0.041025536732632324	0.06799486188975813
OPN3	na	0.0	0.0	0.0	0.0	0.0	0.0	0.0
RPS7	na	0.3148094804279058	0.7099224744589452	0.11341013557998669	0.3182369423589901	0.25703580361981676	0.5770604486260081	0.5712744974963843
PPM1G	na	0.06557274514190432	0.02217387922820407	0.07810723371372288	0.11548906971523053	0.07456663717061575	0.022802517100326734	0.05841940821412394
CEBPZOS	na	0.0	0.0	0.0	0.0	0.0	0.0	0.0
CEBPZ	na	0.0	0.0	0.0	0.0	0.0	0.0	0.0
STON1	na	0.0	0.0	0.0	0.0	0.0	0.0	0.0
SMYD5	na	0.0	0.0	0.0	0.0	0.0	0.0	0.0
CCT7	na	0.06478002264226902	0.09113820302234261	0.10910450698691763	0.11527020370231687	0.08455921308899032	0.08300294412354606	0.12342097074758894
WBP1	na	0.0	0.0	0.0	0.0	0.0	0.0	0.0
MRPL19	na	0.0	0.0	0.0	0.0	0.0	0.0	0.0
GCFC2	na	0.0	0.0	0.0	0.0	0.0	0.0	0.0
ST3GAL5	na	0.0	0.0	0.0	0.0	0.0	0.0	0.0
CHMP3	na	0.04051851024663449	0.03160067426179424	0.07717070402688322	0.07506902193052012	0.055708363215491816	0.054007448197820204	0.06252364206788326
TBC1D8	na	0.0	0.0	0.0	0.0	0.0	0.0	0.0
CBWD2	na	0.0	0.0	0.0	0.0	0.0	0.0	0.0
SLC35F5	na	0.0	0.0	0.0	0.0	0.0	0.0	0.0
RAB3GAP1	na	0.0	0.0	0.0	0.0	0.0	0.0	0.0
FMNL2	na	0.0	0.0	0.0	0.0	0.0	0.0	0.0
BAZ2B	na	0.0	0.0	0.0	0.0	0.0	0.0	0.0
GCA	na	0.0	0.0	0.0	0.0	0.0	0.0	0.0
SP3	na	0.0	0.0	0.0	0.0	0.0	0.0	0.0
RBM45	na	0.0	0.0	0.0	0.0	0.0	0.0	0.0
ZC3H15	na	0.04717772644425757	0.031501514729251605	0.06832413113794186	0.08494963839229193	0.05795724116887031	0.044968898710751604	0.06738624624633759
GTF3C3	na	0.0	0.0	0.0	0.0	0.0	0.0	0.0
NDUFB3	na	0.09829436413679771	0.12991352079867396	0.08922171131345057	0.09603506686525701	0.08491835602337887	0.118661170385724	0.1282132927076975
GIGYF2	na	0.0	0.0	0.0	0.0	0.0	0.0	0.0
TRAF3IP1	na	0.0	0.0	0.0	0.0	0.0	0.0	0.0
SEPT2	na	0.06595789598656557	0.07057386129655963	0.10584201465522174	0.10384859315069464	0.08099269224563463	0.055848019611372056	0.11139327041975583
FARP2	na	0.0	0.0	0.0	0.0	0.0	0.0	0.0
TATDN2	na	0.0	0.0	0.0	0.0	0.0	0.0	0.0
TMEM40	na	0.0	0.0	0.0	0.0	0.0	0.0	0.0
UBE2E1	na	0.0	0.0	0.0	0.0	0.0	0.0	0.0
NGLY1	na	0.0	0.0	0.0	0.0	0.0	0.0	0.0
DYNC1LI1	na	0.0	0.0	0.0	0.0	0.0	0.0	0.0
PDCD6IP	na	0.06446476656572148	0.028379791087096127	0.07625430050989096	0.07870001031754602	0.060665025391456684	0.05250068521638341	0.04988777445804652
NKTR	na	0.0	0.0	0.0	0.0	0.0	0.0	0.0
ZBTB47	na	0.0	0.0	0.0	0.0	0.0	0.0	0.0
ATRIP	na	0.0	0.0	0.0	0.0	0.0	0.0	0.0
ARIH2	na	0.0	0.0	0.0	0.0	0.0	0.0	0.0
RBM6	na	0.0	0.0	0.0	0.0	0.0	0.0	0.0
HEMK1	na	0.0	0.0	0.0	0.0	0.0	0.0	0.0
FAM208A	na	0.0	0.0	0.0	0.0	0.0	0.0	0.0
APPL1	na	0.0	0.0	0.0	0.0	0.0	0.0	0.0
FOXP1	na	0.046537773805198315	0.03312959377188194	0.08830432522046837	0.08382069065716884	0.0654700631536284	0.033797792437632604	0.048135893860793144
DCBLD2	na	0.0	0.0	0.0	0.0	0.0	0.0	0.0
NFKBIZ	na	0.07762391582095184	0.034491759267928954	0.13245019808439346	0.16686437296884551	0.0993616006210192	0.05326753927725547	0.09728459431898358
CFAP44	na	0.0	0.0	0.0	0.0	0.0	0.0	0.0
NDUFB4	na	0.2122610834463737	0.3722022130362584	0.15439831337168503	0.11723582619455762	0.1679906595412583	0.31052560057515133	0.37236496178222617
PODXL2	na	0.057368084684256235	0.028083875165313583	0.10510178451862923	0.09187411680245243	0.07085528428944235	0.053827726433616906	0.07326853390750326
ABTB1	na	0.0	0.0	0.0	0.0	0.0	0.0	0.0
ATP2C1	na	0.04780231910393112	0.024286376554466176	0.08652169044229417	0.08202806100344706	0.06345017030123459	0.05002086819333571	0.05583795468868929
ASTE1	na	0.0	0.0	0.0	0.0	0.0	0.0	0.0
DHX36	na	0.0	0.0	0.0	0.0	0.0	0.0	0.0
MFSD1	na	0.0384859992723486	0.02536869885133433	0.07672127082423691	0.07229259186905565	0.0556335675969217	0.044608945301222655	0.052032494973195995
GOLIM4	na	0.0	0.0	0.0	0.0	0.0	0.0	0.0
YEATS2	na	0.0	0.0	0.0	0.0	0.0	0.0	0.0
DNAJB11	na	0.0	0.0	0.0	0.0	0.0	0.0	0.0
LPP	na	0.0	0.0	0.0	0.0	0.0	0.0	0.0
LETM1	na	0.0	0.0	0.0	0.0	0.0	0.0	0.0
C4orf48	na	0.07131006317905607	0.0626429167980529	0.11470305211469979	0.09761056793312706	0.09457026108947778	0.18654492962400682	0.11160591213105092
FAM193A	na	0.0	0.0	0.0	0.0	0.0	0.0	0.0
STK32B	na	0.0	0.0	0.0	0.0	0.0	0.0	0.0
JAKMIP1	na	0.0	0.0	0.0	0.0	0.0	0.0	0.0
WDR1	na	0.07107273639167962	0.0402345884808048	0.10694992334206589	0.1309173212888719	0.0821475532576099	0.057256955732379995	0.09100072193104805
QDPR	na	0.0	0.0	0.0	0.0	0.0	0.0	0.0
TLR1	na	0.0	0.0	0.0	0.0	0.0	0.0	0.0
FIP1L1	na	0.0	0.0	0.0	0.0	0.0	0.0	0.0
UTP3	na	0.0	0.0	0.0	0.0	0.0	0.0	0.0
CCNG2	na	0.07359520559105953	0.022765997188094654	0.11208502418221257	0.16459964909850092	0.09315115910310241	0.036200728931000896	0.06727285177785493
CXXC4	na	0.0	0.0	0.0	0.0	0.0	0.0	0.0
SEC24B	na	0.0	0.0	0.0	0.0	0.0	0.0	0.0
USP53	na	0.0	0.0	0.0	0.0	0.0	0.0	0.0
GAB1	na	0.0	0.0	0.0	0.0	0.0	0.0	0.0
SMARCA5	na	0.045864213345340125	0.028651546808446126	0.07928713017184934	0.0965404718802601	0.06241614882487278	0.030354118153183608	0.0744832177335811
LRBA	na	0.07197646922121564	0.014849268559753557	0.07764273224673414	0.10828996146183598	0.06265920688254177	0.026156429554204164	0.05580100884069053
RPS3A	na	0.6642550155154543	0.9059715301734926	0.494808175156889	0.4380191294594901	0.45471695189967587	0.5511197580625834	1.0386204117969449
SH3D19	na	0.0	0.0	0.0	0.0	0.0	0.0	0.0
WWC2	na	0.0	0.0	0.0	0.0	0.0	0.0	0.0
UFSP2	na	0.0	0.0	0.0	0.0	0.0	0.0	0.0
NKD2	na	0.0	0.0	0.0	0.0	0.0	0.0	0.0
CCT5	na	0.08062110511078346	0.07525022113451232	0.14247381695438266	0.16884768505609143	0.11610400099166451	0.1113255796921102	0.14980428897076503
DNAH5	na	0.0	0.0	0.0	0.0	0.0	0.0	0.0
MYO10	na	0.058688778729318165	0.018219967636516766	0.07966166390374146	0.10099270024567943	0.06101057489440227	0.04399238620060245	0.06291735082077798
LMBRD2	na	0.0	0.0	0.0	0.0	0.0	0.0	0.0
PAIP1	na	0.06353082276020418	0.04530808417474368	0.08415832206296067	0.10762864427531964	0.07120741599914479	0.05513101206961347	0.08597799179524793
KIF2A	na	0.0	0.0	0.0	0.0	0.0	0.0	0.0
MAST4	na	0.0	0.0	0.0	0.0	0.0	0.0	0.0
SLC30A5	na	0.0	0.0	0.0	0.0	0.0	0.0	0.0
SMN1	na	0.0	0.0	0.0	0.0	0.0	0.0	0.0
AGGF1	na	0.0	0.0	0.0	0.0	0.0	0.0	0.0
VCAN	na	0.07601969407512361	0.06665420460135982	0.07848266360577202	0.06257986654383485	0.05969948848881383	0.07049707792648129	0.07871057881874301
ELL2	na	0.0	0.0	0.0	0.0	0.0	0.0	0.0
PAM	na	0.0	0.0	0.0	0.0	0.0	0.0	0.0
AP3S1	na	0.04617752514791892	0.033377424215296034	0.07562023797269711	0.08688014162445595	0.059916557374536564	0.051750599930614205	0.0604219741743004
HSD17B4	na	0.0	0.0	0.0	0.0	0.0	0.0	0.0
RAD50	na	0.0	0.0	0.0	0.0	0.0	0.0	0.0
SOWAHA	na	0.0	0.0	0.0	0.0	0.0	0.0	0.0
UQCRQ	na	0.3538348120069532	0.6057919396785366	0.24533790847364106	0.25474234979610455	0.2730932776666431	0.46760122687086325	0.623844372363958
FSTL4	na	0.0	0.0	0.0	0.0	0.0	0.0	0.0
HNRNPA0	na	0.04718029120369619	0.019206482071416387	0.10821220369559109	0.11023356312793119	0.07669810388285941	0.038786612839493466	0.05990037587729802
PFDN1	na	0.0	0.0	0.0	0.0	0.0	0.0	0.0
SRA1	na	0.0	0.0	0.0	0.0	0.0	0.0	0.0
EIF4EBP3	na	0.0	0.0	0.0	0.0	0.0	0.0	0.0
NDUFA2	na	0.12230183452641882	0.13409684073121977	0.10521422177967679	0.10313309746057799	0.09767887159049043	0.14694248194763485	0.1802207616661307
IK	na	0.05213680895224224	0.025358017592845512	0.08318883558250562	0.0765464608187942	0.056954136390300246	0.047082912105793115	0.052293311286661925
PCDH12	na	0.0	0.0	0.0	0.0	0.0	0.0	0.0
TCERG1	na	0.0	0.0	0.0	0.0	0.0	0.0	0.0
FAM114A2	na	0.0	0.0	0.0	0.0	0.0	0.0	0.0
PWWP2A	na	0.0	0.0	0.0	0.0	0.0	0.0	0.0
C1QTNF2	na	0.0	0.0	0.0	0.0	0.0	0.0	0.0
HMMR	na	0.0	0.0	0.0	0.0	0.0	0.0	0.0
FAM193B	na	0.0	0.0	0.0	0.0	0.0	0.0	0.0
TRIM52	na	0.0	0.0	0.0	0.0	0.0	0.0	0.0
FOXC1	na	0.0	0.0	0.0	0.0	0.0	0.0	0.0
STMND1	na	0.0	0.0	0.0	0.0	0.0	0.0	0.0
DEK	na	0.0	0.0	0.0	0.0	0.0	0.0	0.0
HIST1H2BD	na	0.0	0.0	0.0	0.0	0.0	0.0	0.0
HIST1H3G	na	0.0	0.0	0.0	0.0	0.0	0.0	0.0
HIST1H1B	na	0.0	0.0	0.0	0.0	0.0	0.0	0.0
HLA-A	na	0.27175391357411477	0.2992085621067305	0.3735430715447066	0.480908637304884	0.32936450164658226	0.3884272255810884	0.46092591139198896
TRIM26	na	0.0	0.0	0.0	0.0	0.0	0.0	0.0
HLA-C	na	0.17845714733142254	0.27746771285740335	0.18889721574830212	0.33861554402010924	0.2112059806560635	0.3479346226952099	0.2902048613207377
HLA-B	na	0.24259566808048544	0.2704744077082259	0.385291209822392	0.560538035096619	0.34635308785611174	0.43331663476806803	0.40024647921456336
EHMT2	na	0.0	0.0	0.0	0.0	0.0	0.0	0.0
HLA-DRB1	na	0.09040949460048316	0.16932314730108464	0.04849759270668825	0.13244644825999569	0.11132920535530208	0.20203630292510288	0.15274429815496515
HLA-DQA1	na	0.0	0.0	0.0	0.0	0.0	0.0	0.0
HLA-DQB1	na	0.061616556593387134	0.06189211110990143	0.04669087014356622	0.09417658959473924	0.06805925951118146	0.0944110534899175	0.0735788566701041
HLA-DQA2	na	0.05206809849338468	0.03145273112164856	0.07666079450556672	0.09124692879421138	0.06282438095814108	0.053400590564521934	0.05748170695760927
HLA-DQB2	na	0.0	0.0	0.0	0.0	0.0	0.0	0.0
SRSF3	na	0.09270207309302161	0.061970880001777355	0.14209505950793275	0.1710460376098494	0.10728019690233044	0.07406006680259601	0.11306360118296034
TRERF1	na	0.0	0.0	0.0	0.0	0.0	0.0	0.0
DST	na	0.0	0.0	0.0	0.0	0.0	0.0	0.0
KIAA1586	na	0.0	0.0	0.0	0.0	0.0	0.0	0.0
SMAP1	na	0.0	0.0	0.0	0.0	0.0	0.0	0.0
MAP3K7	na	0.0	0.0	0.0	0.0	0.0	0.0	0.0
ASCC3	na	0.03723807165773304	0.03140322569316445	0.07111876865903695	0.10764198690229579	0.06575174335666663	0.05445435435420894	0.06155328840630494
AK9	na	0.0	0.0	0.0	0.0	0.0	0.0	0.0
GTF3C6	na	0.08919858176390517	0.08311532549737351	0.10348123180103715	0.14479763624656333	0.09128898242505037	0.08871041458193454	0.0958709511070518
RPF2	na	0.0	0.0	0.0	0.0	0.0	0.0	0.0
TSPYL4	na	0.0	0.0	0.0	0.0	0.0	0.0	0.0
SMPDL3A	na	0.0	0.0	0.0	0.0	0.0	0.0	0.0
NCOA7	na	0.04893836105525663	0.048372099999441885	0.07433272523130648	0.10278023555165543	0.06187922488209998	0.02176288817092777	0.05464255001152833
IFNGR1	na	0.06292829986563941	0.018368513333872093	0.08118470393719325	0.11566574229003657	0.06588817173596602	0.032862528127711094	0.062194469908028495
PERP	na	0.2817732979339344	0.27241446792677393	0.43187880927125005	0.25564913685581897	0.27321029169043975	0.21164320283264973	0.50526614170391
CCDC28A	na	0.0	0.0	0.0	0.0	0.0	0.0	0.0
PHACTR2	na	0.0	0.0	0.0	0.0	0.0	0.0	0.0
ARID1B	na	0.02925424632432503	0.026578109747849642	0.08435002887202467	0.0895717889827739	0.058856588916580035	0.030674160345084352	0.057378479977129325
PSMB1	na	0.12082113479077808	0.1337297709147459	0.16012244195246733	0.20012590346882123	0.14533620623030932	0.14852731948129944	0.20642114298504727
NUDT1	na	0.0	0.0	0.0	0.0	0.0	0.0	0.0
AP5Z1	na	0.0	0.0	0.0	0.0	0.0	0.0	0.0
RNF216	na	0.0	0.0	0.0	0.0	0.0	0.0	0.0
ZNF316	na	0.0	0.0	0.0	0.0	0.0	0.0	0.0
TWIST1	na	0.0	0.0	0.0	0.0	0.0	0.0	0.0
SCRN1	na	0.0	0.0	0.0	0.0	0.0	0.0	0.0
GARS	na	0.0	0.0	0.0	0.0	0.0	0.0	0.0
AVL9	na	0.0	0.0	0.0	0.0	0.0	0.0	0.0
AOAH	na	0.0	0.0	0.0	0.0	0.0	0.0	0.0
INHBA	na	0.0	0.0	0.0	0.0	0.0	0.0	0.0
PSMA2	na	0.06725418391452848	0.061655917626627366	0.0807382847594614	0.09786625974326361	0.0718236100121756	0.06403458809516444	0.08780759371746706
H2AFV	na	0.09557664732589	0.0736272925899744	0.11234531480550142	0.13225210260343484	0.09150613475079922	0.08876554078760067	0.1013265303071909
ZNF107	na	0.0	0.0	0.0	0.0	0.0	0.0	0.0
KCTD7	na	0.0	0.0	0.0	0.0	0.0	0.0	0.0
RABGEF1	na	0.0	0.0	0.0	0.0	0.0	0.0	0.0
GTPBP10	na	0.0	0.0	0.0	0.0	0.0	0.0	0.0
AKAP9	na	0.03393748322812015	0.025980608878511464	0.0677886827952332	0.07714633033573104	0.05545343045550918	0.04650965174407414	0.05807978856695291
COL1A2	na	0.3153683155468011	0.4271044266632564	0.2924346340605256	0.36263780585770816	0.3128178485195201	0.4229215870626788	0.5030340862747215
ZKSCAN1	na	0.06025674274207249	0.020765124755380924	0.0715056992647696	0.08346592206202055	0.05613182792348414	0.046576485402251046	0.042815364305921484
ZSCAN21	na	0.0	0.0	0.0	0.0	0.0	0.0	0.0
MCM7	na	0.06393115267278769	0.04056726492142905	0.07679030254806246	0.09223957102592803	0.05986868168124047	0.05199714415673679	0.05632345573441476
CNPY4	na	0.0	0.0	0.0	0.0	0.0	0.0	0.0
LAMTOR4	na	0.08270088891884994	0.08889555108022688	0.10273581298826696	0.14483838043321917	0.0925631001062425	0.10562104088875618	0.08493198435807302
GIGYF1	na	0.0	0.0	0.0	0.0	0.0	0.0	0.0
SRRT	na	0.04008977065876403	0.03853614011867898	0.0871243829402488	0.07409962268942287	0.06414274516422333	0.033213469221317515	0.03703284592630021
SH2B2	na	0.0	0.0	0.0	0.0	0.0	0.0	0.0
POLR2J3	na	0.0	0.0	0.0	0.0	0.0	0.0	0.0
POLR2J3	na	0.0	0.0	0.0	0.0	0.0	0.0	0.0
POLR2J3	na	0.0	0.0	0.0	0.0	0.0	0.0	0.0
POLR2J3	na	0.0	0.0	0.0	0.0	0.0	0.0	0.0
LRRC17	na	0.0	0.0	0.0	0.0	0.0	0.0	0.0
CPED1	na	0.0	0.0	0.0	0.0	0.0	0.0	0.0
NDUFA5	na	0.07563118720515685	0.06280842758570168	0.09319499651550237	0.11393579360018977	0.07333165779578595	0.08062761125158242	0.0710609733465287
WASL	na	0.05023919103375902	0.03963334302176204	0.08359010874401974	0.08510840814031863	0.058415052337942766	0.05398637351966574	0.05598178538532758
KMT2C	na	0.0	0.0	0.0	0.0	0.0	0.0	0.0
RBM33	na	0.0	0.0	0.0	0.0	0.0	0.0	0.0
NOM1	na	0.0	0.0	0.0	0.0	0.0	0.0	0.0
NCAPG2	na	0.0	0.0	0.0	0.0	0.0	0.0	0.0
TXLNG	na	0.0	0.0	0.0	0.0	0.0	0.0	0.0
RBM10	na	0.05942243787910868	0.016667946231663254	0.10394262169111154	0.11778003567707178	0.07989085960232681	0.03510768048340985	0.04337679079321146
PQBP1	na	0.05230939546733297	0.0354201750320948	0.07238917136517935	0.08643611853977104	0.059378666889806864	0.05828346308213558	0.07139739519430648
PHF8	na	0.0	0.0	0.0	0.0	0.0	0.0	0.0
MED12	na	0.0	0.0	0.0	0.0	0.0	0.0	0.0
ZNF711	na	0.0	0.0	0.0	0.0	0.0	0.0	0.0
AMOT	na	0.0	0.0	0.0	0.0	0.0	0.0	0.0
LAMP2	na	0.06466906321603384	0.024263510385191162	0.10472368743137533	0.11710855159438037	0.07915673082693218	0.06258942271989346	0.0747222610785913
HTATSF1	na	0.08070113302335237	0.015812438977125386	0.08279032032752683	0.11334105889608738	0.06697750206450953	0.036122002723155695	0.0447591393128913
HMGB3	na	0.054122636880446044	0.021423163129266367	0.09720825714615261	0.11018112239987396	0.07139338054730067	0.0527790268947355	0.06879819492041446
MECP2	na	0.0	0.0	0.0	0.0	0.0	0.0	0.0
DKC1	na	0.0	0.0	0.0	0.0	0.0	0.0	0.0
VPS37A	na	0.0	0.0	0.0	0.0	0.0	0.0	0.0
NAT1	na	0.0504727978815442	0.021750352690275216	0.08687841363087555	0.09472885099262818	0.06868400798043292	0.04664051594341593	0.08140319821668726
CCAR2	na	0.0	0.0	0.0	0.0	0.0	0.0	0.0
BNIP3L	na	0.0	0.0	0.0	0.0	0.0	0.0	0.0
ESCO2	na	0.0	0.0	0.0	0.0	0.0	0.0	0.0
PBK	na	0.0	0.0	0.0	0.0	0.0	0.0	0.0
KIF13B	na	0.0	0.0	0.0	0.0	0.0	0.0	0.0
LEPROTL1	na	0.0	0.0	0.0	0.0	0.0	0.0	0.0
PRKDC	na	0.0453820147285624	0.009142300317495565	0.1009480896248385	0.11913012777750043	0.07769981463538524	0.03822987409727871	0.06601167855606042
SNAI2	na	0.0	0.0	0.0	0.0	0.0	0.0	0.0
CSPP1	na	0.0	0.0	0.0	0.0	0.0	0.0	0.0
TERF1	na	0.0	0.0	0.0	0.0	0.0	0.0	0.0
ZFHX4	na	0.0	0.0	0.0	0.0	0.0	0.0	0.0
PABPC1	na	0.3306275871556119	0.6786745770565756	0.3122455149348507	0.2230772295032379	0.3020442394436576	0.6466386518611836	0.7182949971034809
TRPS1	na	0.04845621196626873	0.022819658448062035	0.07641457384032924	0.07986390044283935	0.057452216703202476	0.04417569895579927	0.0605978652502089
KHDRBS3	na	0.0	0.0	0.0	0.0	0.0	0.0	0.0
MROH1	na	0.0	0.0	0.0	0.0	0.0	0.0	0.0
CYHR1	na	0.04343356054438081	0.03342984785443986	0.08366985360796743	0.08279594125755545	0.061066996339653776	0.01989923599535935	0.04923846651567784
RECQL4	na	0.0	0.0	0.0	0.0	0.0	0.0	0.0
CBWD1	na	0.0	0.0	0.0	0.0	0.0	0.0	0.0
PUM3	na	0.0	0.0	0.0	0.0	0.0	0.0	0.0
MLLT3	na	0.0	0.0	0.0	0.0	0.0	0.0	0.0
VCP	na	0.0976335290057882	0.021493933921124895	0.20009365913819185	0.2155402557546127	0.12843890219169726	0.06943920721805691	0.1313391450139726
UNC13B	na	0.0	0.0	0.0	0.0	0.0	0.0	0.0
CBWD5	na	0.0	0.0	0.0	0.0	0.0	0.0	0.0
TJP2	na	0.0	0.0	0.0	0.0	0.0	0.0	0.0
VPS13A	na	0.0	0.0	0.0	0.0	0.0	0.0	0.0
FBP1	na	0.06859928057984557	0.033376096755450224	0.07920743423626492	0.10185089234832091	0.06625839163211866	0.0632940600388929	0.0577266088904666
STX17	na	0.0	0.0	0.0	0.0	0.0	0.0	0.0
NDUFA8	na	0.06787984195772033	0.07338372492220654	0.08781552003932569	0.09514760943455339	0.06939729592728665	0.0798668417679889	0.0988809471282685
STRBP	na	0.05419820975514765	0.031706261452519216	0.07553467448180136	0.08202760952690766	0.05696448636456142	0.03997677912783352	0.04114016909566643
ARPC5L	na	0.06207245688554922	0.05506712623564542	0.08941652918488817	0.12597727415748397	0.07557184327841845	0.0692657558754139	0.0755723857538433
ZNF79	na	0.0	0.0	0.0	0.0	0.0	0.0	0.0
LRSAM1	na	0.0	0.0	0.0	0.0	0.0	0.0	0.0
CIZ1	na	0.0	0.0	0.0	0.0	0.0	0.0	0.0
ODF2	na	0.030916704124311502	0.03718106959492631	0.06908997434568885	0.11551505757912865	0.06996572272298335	1.066206127256745e-12	0.04141762526015439
ASS1	na	0.10489712573081514	0.14101125872384412	0.12940768154108587	0.19165702931280726	0.12815218441485865	0.17131159738031565	0.16301095277936978
GTF3C5	na	0.04444563069827977	0.030201825858750458	0.07018061985468729	0.09068761678475898	0.06281873237170375	0.029159688189999627	0.04401848679227212
CEL	na	0.0	0.0	0.0	0.0	0.0	0.0	0.0
REXO4	na	0.0	0.0	0.0	0.0	0.0	0.0	0.0
ADAMTS13	na	0.0	0.0	0.0	0.0	0.0	0.0	0.0
RABL6	na	0.08388678928269626	0.01714795775375337	0.12015125297028365	0.1549079839265077	0.09126729656171652	0.055857113740936916	0.08182831481221008
DPP7	na	0.059740729776241626	0.016467834224900803	0.09408469069047945	0.1121797093763537	0.07708935651543782	0.03786895720145629	0.055625858173426114
GRIN1	na	0.0	0.0	0.0	0.0	0.0	0.0	0.0
SIGIRR	na	0.05881057467076718	0.022423941392322788	0.09750186943728599	0.10874290071163689	0.07241317216994851	0.04376540594538518	0.07589346366814886
DRD4	na	0.0	0.0	0.0	0.0	0.0	0.0	0.0
RPLP2	na	0.8819891993426637	1.660177972171185	0.5481605666607741	0.5963362051993223	0.68500439827867	1.3480736236751398	1.6550854322599333
TSSC4	na	0.0	0.0	0.0	0.0	0.0	0.0	0.0
TRIM5	na	0.0	0.0	0.0	0.0	0.0	0.0	0.0
TIMM10B	na	0.0	0.0	0.0	0.0	0.0	0.0	0.0
ARL14EP	na	0.0	0.0	0.0	0.0	0.0	0.0	0.0
TCP11L1	na	0.0	0.0	0.0	0.0	0.0	0.0	0.0
FAM111B	na	0.0	0.0	0.0	0.0	0.0	0.0	0.0
UQCC3	na	0.08056392644317889	0.046346975510185996	0.08265985666598731	0.11557276083607705	0.07697511538939524	0.05323857054865142	0.08451335470099713
STX5	na	0.0	0.0	0.0	0.0	0.0	0.0	0.0
ARL2	na	0.0	0.0	0.0	0.0	0.0	0.0	0.0
SIPA1	na	0.0	0.0	0.0	0.0	0.0	0.0	0.0
RBM4	na	0.0	0.0	0.0	0.0	0.0	0.0	0.0
PPFIA1	na	0.0	0.0	0.0	0.0	0.0	0.0	0.0
PAK1	na	0.0	0.0	0.0	0.0	0.0	0.0	0.0
CADM1	na	0.0	0.0	0.0	0.0	0.0	0.0	0.0
CEP164	na	0.0	0.0	0.0	0.0	0.0	0.0	0.0
TMPRSS13	na	0.0	0.0	0.0	0.0	0.0	0.0	0.0
FAM208B	na	0.0	0.0	0.0	0.0	0.0	0.0	0.0
STAM	na	0.0	0.0	0.0	0.0	0.0	0.0	0.0
MSRB2	na	0.054951091974734745	0.057254431393036535	0.07483049562538693	0.08406510204515194	0.05904481226031556	0.060564281878373157	0.058824341438540005
LYZL2	na	0.0	0.0	0.0	0.0	0.0	0.0	0.0
ZEB1	na	0.0	0.0	0.0	0.0	0.0	0.0	0.0
EPC1	na	0.0	0.0	0.0	0.0	0.0	0.0	0.0
PARD3	na	0.0	0.0	0.0	0.0	0.0	0.0	0.0
AGAP9	na	0.0	0.0	0.0	0.0	0.0	0.0	0.0
ANK3	na	0.0	0.0	0.0	0.0	0.0	0.0	0.0
ARID5B	na	0.0	0.0	0.0	0.0	0.0	0.0	0.0
DNAJC12	na	0.06177887560886579	0.053539596583227524	0.07633354203377192	0.06930218828115205	0.06406217566799936	0.05990946165835169	0.07063172746175725
DDX50	na	0.0	0.0	0.0	0.0	0.0	0.0	0.0
FAM149B1	na	0.0	0.0	0.0	0.0	0.0	0.0	0.0
DNAJC9	na	0.0	0.0	0.0	0.0	0.0	0.0	0.0
FUT11	na	0.0	0.0	0.0	0.0	0.0	0.0	0.0
KAT6B	na	0.0	0.0	0.0	0.0	0.0	0.0	0.0
COMTD1	na	0.0	0.0	0.0	0.0	0.0	0.0	0.0
KCNMA1	na	0.0	0.0	0.0	0.0	0.0	0.0	0.0
ANXA11	na	0.0477425724819603	0.034041644057375885	0.0840374043816633	0.08061206847189033	0.055914917884699954	0.03673527383038499	0.049263865473922974
TM9SF3	na	0.06829415323757965	0.006771713783868654	0.09728651863425694	0.13035152527048335	0.07782664846894101	0.045338393106121054	0.06368242935670236
HPS1	na	0.0	0.0	0.0	0.0	0.0	0.0	0.0
BTRC	na	0.0	0.0	0.0	0.0	0.0	0.0	0.0
DPCD	na	0.0	0.0	0.0	0.0	0.0	0.0	0.0
POLL	na	0.0	0.0	0.0	0.0	0.0	0.0	0.0
HPS6	na	0.0	0.0	0.0	0.0	0.0	0.0	0.0
NOLC1	na	0.05381242523435904	0.030441317577909015	0.06837951516447555	0.0742280305754604	0.05391409649899974	0.0616600476779907	0.04554624986168136
NFKB2	na	0.0	0.0	0.0	0.0	0.0	0.0	0.0
TCF7L2	na	0.0	0.0	0.0	0.0	0.0	0.0	0.0
SHTN1	na	0.052459634709625315	0.024603146250614907	0.06758063031036896	0.0869012118474138	0.061317193938130926	0.028317767410229	0.044014479543630664
RGS10	na	0.07315460726523065	0.030770540853752026	0.06221450486065378	0.0913962223658208	0.05906781563359817	0.06349498591150138	0.07784325376583201
BUB3	na	0.059775745437284304	0.04833515136837386	0.07416127654439922	0.09011277164467428	0.06023660888606278	0.04640278867386523	0.05439201306510374
ZRANB1	na	0.0	0.0	0.0	0.0	0.0	0.0	0.0
CTBP2	na	0.04937233470336098	0.0372948649254102	0.07580042664857888	0.09443407621216206	0.06604266223190483	0.047447292855756065	0.07256269236847346
MKI67	na	0.0	0.0	0.0	0.0	0.0	0.0	0.0
ECHS1	na	0.05688777609084478	0.047934276466259404	0.09869006037699084	0.10496135183932083	0.07641759507618198	0.06637543144836569	0.09020219945387783
RAD51AP1	na	0.0	0.0	0.0	0.0	0.0	0.0	0.0
ENO2	na	0.0	0.0	0.0	0.0	0.0	0.0	0.0
PRH1	na	0.0	0.0	0.0	0.0	0.0	0.0	0.0
FAR2	na	0.0	0.0	0.0	0.0	0.0	0.0	0.0
KIAA1551	na	0.0	0.0	0.0	0.0	0.0	0.0	0.0
KRT18	na	0.25301205728443954	0.4062755267156386	0.2376351890316518	0.19021658478457668	0.22961739752676572	0.4508972430501845	0.5174363739179003
XPOT	na	0.0	0.0	0.0	0.0	0.0	0.0	0.0
VEZT	na	0.0	0.0	0.0	0.0	0.0	0.0	0.0
METAP2	na	0.04910923248587457	0.022386387932776405	0.06662925904885099	0.09041244735647899	0.05680861205263856	0.043895374482892734	0.06481925110943088
VSIG10	na	0.0	0.0	0.0	0.0	0.0	0.0	0.0
RPLP0	na	0.4985181985744452	0.7075190649478548	0.5002801131971322	0.575234187021173	0.45591018533771854	0.6077170214042434	0.9119808784559482
MLEC	na	0.06138949131287446	3.574067934189076e-22	0.11509527406072668	0.16642846622255966	0.09253772655767549	8.485778125111242e-12	0.0399943261305103
PSMD9	na	0.0	0.0	0.0	0.0	0.0	0.0	0.0
ARL6IP4	na	0.09173100905446141	0.04848025408844781	0.11185386122503344	0.11985273833320224	0.08730899620335192	0.06725224816951444	0.1020609901559235
POLE	na	0.0	0.0	0.0	0.0	0.0	0.0	0.0
ZC3H13	na	0.0	0.0	0.0	0.0	0.0	0.0	0.0
MZT1	na	0.07043468239420303	0.025103427107958556	0.07833735149085397	0.08101455007836772	0.062117921199255396	0.04374335103930058	0.039055965597471175
ABCC4	na	0.0	0.0	0.0	0.0	0.0	0.0	0.0
ERCC5	na	0.0	0.0	0.0	0.0	0.0	0.0	0.0
ABHD13	na	0.0	0.0	0.0	0.0	0.0	0.0	0.0
ACIN1	na	0.04293233129191261	0.027166377087374564	0.07693587351133511	0.07245695628312708	0.05727436092461324	0.04003898153394412	0.050949614510618205
PABPN1	na	0.0	0.0	0.0	0.0	0.0	0.0	0.0
THTPA	na	0.0	0.0	0.0	0.0	0.0	0.0	0.0
AP1G2	na	0.0	0.0	0.0	0.0	0.0	0.0	0.0
RIPK3	na	0.0	0.0	0.0	0.0	0.0	0.0	0.0
POLE2	na	0.0	0.0	0.0	0.0	0.0	0.0	0.0
ARID4A	na	0.0	0.0	0.0	0.0	0.0	0.0	0.0
ZBTB1	na	0.0	0.0	0.0	0.0	0.0	0.0	0.0
IRF2BPL	na	0.0	0.0	0.0	0.0	0.0	0.0	0.0
TRIP11	na	0.0	0.0	0.0	0.0	0.0	0.0	0.0
BTBD7	na	0.0	0.0	0.0	0.0	0.0	0.0	0.0
YY1	na	0.03703024172357388	0.033936306242429166	0.061839105835637655	0.09123830549999423	0.061038800244650596	0.034481608351090744	0.0604374534296743
HSP90AA1	na	0.28188654979799393	0.42820968893136385	0.32467273562301857	0.3974462605548489	0.3012143845899887	0.5109914336417284	0.5000234954887003
TECPR2	na	0.0	0.0	0.0	0.0	0.0	0.0	0.0
CDC42BPB	na	0.0	0.0	0.0	0.0	0.0	0.0	0.0
EMC7	na	0.0	0.0	0.0	0.0	0.0	0.0	0.0
SPINT1	na	0.08742803481171621	0.02406615236758921	0.11851240254605168	0.1346694261422751	0.0849515189355523	0.04067577472120062	0.05539157820557673
SERF2	na	1.226167572374896	2.0711049887675896	1.0828348046385379	0.5335464532552554	0.9235219939144678	1.4310232330050705	2.4346397322917324
PATL2	na	0.0	0.0	0.0	0.0	0.0	0.0	0.0
GALK2	na	0.0	0.0	0.0	0.0	0.0	0.0	0.0
FAM227B	na	0.0	0.0	0.0	0.0	0.0	0.0	0.0
TEX9	na	0.0	0.0	0.0	0.0	0.0	0.0	0.0
MNS1	na	0.0	0.0	0.0	0.0	0.0	0.0	0.0
CGNL1	na	0.0	0.0	0.0	0.0	0.0	0.0	0.0
MTFMT	na	0.0	0.0	0.0	0.0	0.0	0.0	0.0
PML	na	0.0	0.0	0.0	0.0	0.0	0.0	0.0
SRRM2	na	0.09470214986967487	1.5973013381096091e-25	0.21202909000418985	0.23463326144600866	0.13111522524147454	4.555895133059702e-23	0.050012679496423525
PLA2G10	na	0.0	0.0	0.0	0.0	0.0	0.0	0.0
NPIPA3	na	0.0	0.0	0.0	0.0	0.0	0.0	0.0
NPIPA1	na	0.0	0.0	0.0	0.0	0.0	0.0	0.0
UBFD1	na	0.0	0.0	0.0	0.0	0.0	0.0	0.0
TNRC6A	na	0.0	0.0	0.0	0.0	0.0	0.0	0.0
RABEP2	na	0.0	0.0	0.0	0.0	0.0	0.0	0.0
NFATC2IP	na	0.0	0.0	0.0	0.0	0.0	0.0	0.0
SPNS1	na	0.0	0.0	0.0	0.0	0.0	0.0	0.0
SULT1A3	na	0.0	0.0	0.0	0.0	0.0	0.0	0.0
ZNF768	na	0.0	0.0	0.0	0.0	0.0	0.0	0.0
SRCAP	na	0.0	0.0	0.0	0.0	0.0	0.0	0.0
CCDC113	na	0.0	0.0	0.0	0.0	0.0	0.0	0.0
NAE1	na	0.0	0.0	0.0	0.0	0.0	0.0	0.0
NOL3	na	0.0	0.0	0.0	0.0	0.0	0.0	0.0
EDC4	na	0.0	0.0	0.0	0.0	0.0	0.0	0.0
NQO1	na	0.1082415235045531	0.10541737954279394	0.15840353684164118	0.14587199971639214	0.1174649051812713	0.08888876252425428	0.19099309204702133
NOB1	na	0.0	0.0	0.0	0.0	0.0	0.0	0.0
AARS	na	0.054370664257450796	0.030284353467163794	0.09603871305665457	0.10126048365930797	0.06758739395538757	0.02048586546498024	0.06038570538439357
ATP2C2	na	0.0	0.0	0.0	0.0	0.0	0.0	0.0
KIAA0513	na	0.0	0.0	0.0	0.0	0.0	0.0	0.0
GSE1	na	0.0761408160931162	0.011037377970501616	0.12028455151484166	0.1772617578822457	0.09897850479210693	0.04586037983740965	0.089497414613464
DBNDD1	na	0.052750781170723744	0.020458149947435146	0.062287998247351255	0.09094937066453981	0.06226407424038838	0.03665664381270818	0.054944506889112336
GAS8	na	0.04672120994593062	0.002293284241544984	0.09511610622795923	0.13395153762888168	0.0829023054505776	0.014816490208588213	0.046391166907990306
NXN	na	0.0	0.0	0.0	0.0	0.0	0.0	0.0
MYO1C	na	0.06419780881223461	0.032178304999310965	0.08339187901644828	0.09769339784188463	0.06521778800969705	0.06800496453209298	0.07225193805961298
ZZEF1	na	0.0	0.0	0.0	0.0	0.0	0.0	0.0
CYB5D2	na	0.0	0.0	0.0	0.0	0.0	0.0	0.0
ANKFY1	na	0.0	0.0	0.0	0.0	0.0	0.0	0.0
PELP1	na	0.0	0.0	0.0	0.0	0.0	0.0	0.0
KIF1C	na	0.04467329647736847	0.03432423999408184	0.0650660403893086	0.09417323072985521	0.05792898173256392	0.011117023268785053	0.05384327836768509
NAA38	na	0.06848473810319465	0.0989803241089425	0.08233265697471338	0.09325615276485029	0.06976919561037681	0.0824789205480432	0.10354834525647656
CHD3	na	0.06502039980955894	0.02032271397773991	0.07309706640523403	0.08094495680637262	0.06503372157406051	0.02802619271295752	0.026537680759042226
MYH10	na	0.0	0.0	0.0	0.0	0.0	0.0	0.0
SUPT6H	na	0.0784191215306439	0.014023981035858907	0.10953197200330456	0.1406982854943293	0.08470500991826731	0.0370956457940891	0.06604385601912861
MYO18A	na	0.0	0.0	0.0	0.0	0.0	0.0	0.0
NUFIP2	na	0.10894734855023548	0.0435178686507178	0.15165466838071928	0.1816221699537359	0.11481883028805877	0.09224210256371525	0.1286392601685871
NF1	na	0.041962853265753754	0.03459445736508834	0.08632580780570308	0.08664254334521933	0.061317926549952086	0.03758904894073296	0.05825197418952345
AP2B1	na	0.18359401664077682	0.07435851906753105	0.28616271609873317	0.30503032747736464	0.19960283074629614	0.1502282197364849	0.23101003335937656
TAF15	na	0.0	0.0	0.0	0.0	0.0	0.0	0.0
AATF	na	0.11324736022728714	0.06871247036317954	0.18071761477781045	0.1544374823064519	0.1183454865472008	0.11260491083892074	0.15445683943643776
ERBB2	na	1.5009873432939362	0.11477254160491371	2.8841089962330146	2.9934834364365304	1.7864798004733695	0.3482840416734243	1.8383655910929306
MIEN1	na	0.4801734729081504	0.5433189210721688	0.4966796200062105	0.4794689102574157	0.39604801528366124	0.41916907250002505	0.705733977949046
CDC6	na	0.0	0.0	0.0	0.0	0.0	0.0	0.0
NBR1	na	0.0	0.0	0.0	0.0	0.0	0.0	0.0
GJC1	na	0.0	0.0	0.0	0.0	0.0	0.0	0.0
COL1A1	na	0.33079904267474386	0.3541302229288071	0.3671438094362301	0.31007941898205227	0.29695746314325794	0.3702462374925663	0.45506258979256325
MRPL27	na	0.35721870984502063	0.3963729107396478	0.43706039671696195	0.40607151294379545	0.3327649478489545	0.33123348884264997	0.5256264528938172
RSAD1	na	0.0541317190427522	0.016752903879092212	0.0934140943569359	0.11615788769213188	0.07638464008392384	0.03707842111044956	0.053146038964965545
ANKRD40	na	0.11012829577620943	0.026150610953398414	0.16673553652753714	0.18052389553291226	0.11738541198097716	0.06630415009162345	0.14603821770287415
LUC7L3	na	0.16336730851217734	0.02116152810588404	0.334449946905224	0.3311376852322084	0.2049074904992072	0.05975852083119972	0.17237533736967217
NACA2	na	0.0	0.0	0.0	0.0	0.0	0.0	0.0
TEX2	na	0.03870144501833701	0.056440179745560475	0.07855557825965741	0.09341378466531633	0.06367026498509881	0.0535405889227272	0.08223465664126732
DDX5	na	0.30918026121840253	0.2956468415280864	0.5016124787828924	0.43296249823889277	0.35112881981829275	0.26987242837224146	0.5276122239798656
FAM104A	na	0.0	0.0	0.0	0.0	0.0	0.0	0.0
C17orf80	na	0.0	0.0	0.0	0.0	0.0	0.0	0.0
MRPS7	na	0.04724912736815417	0.04339163089069701	0.07817055905906992	0.09271610796732466	0.06651768606742672	0.02380841628006656	0.05858303399160145
MRPL38	na	0.0	0.0	0.0	0.0	0.0	0.0	0.0
SRP68	na	0.0	0.0	0.0	0.0	0.0	0.0	0.0
TIMP2	na	0.06485332133498421	0.04620146819328362	0.10674873870440918	0.09959043043062178	0.0765403537189392	0.0744431923609273	0.09599809154068949
GAA	na	0.0	0.0	0.0	0.0	0.0	0.0	0.0
CARD14	na	0.0	0.0	0.0	0.0	0.0	0.0	0.0
SLC16A3	na	0.0	0.0	0.0	0.0	0.0	0.0	0.0
NDUFV2	na	0.08639538294080264	0.1300834683219504	0.10287835686378817	0.11763964497932738	0.09688920759633372	0.1376604891445409	0.18233355413479993
ANKRD12	na	0.0	0.0	0.0	0.0	0.0	0.0	0.0
TUBB6	na	0.0	0.0	0.0	0.0	0.0	0.0	0.0
SEH1L	na	0.0	0.0	0.0	0.0	0.0	0.0	0.0
ESCO1	na	0.0	0.0	0.0	0.0	0.0	0.0	0.0
OSBPL1A	na	0.0	0.0	0.0	0.0	0.0	0.0	0.0
GALNT1	na	0.039961882289442516	0.03814088375798971	0.08779049523270947	0.07988228049420998	0.06046664918237835	0.03253451965115677	0.05756849481224876
SOX12	na	0.0	0.0	0.0	0.0	0.0	0.0	0.0
MCM8	na	0.0	0.0	0.0	0.0	0.0	0.0	0.0
PLCB1	na	0.0	0.0	0.0	0.0	0.0	0.0	0.0
KIF16B	na	0.0	0.0	0.0	0.0	0.0	0.0	0.0
CD93	na	0.0	0.0	0.0	0.0	0.0	0.0	0.0
GZF1	na	0.0	0.0	0.0	0.0	0.0	0.0	0.0
KIF3B	na	0.0	0.0	0.0	0.0	0.0	0.0	0.0
ZMYND8	na	0.05846377042389549	0.04412761996851488	0.1118285587450971	0.11899718881376903	0.08284273905090386	0.057073620506735125	0.06348425212941484
NCOA3	na	0.0	0.0	0.0	0.0	0.0	0.0	0.0
RNF114	na	0.0578161725376267	0.052694796815821045	0.08472978006559029	0.10894385672955165	0.06748411089482524	0.03823121025099851	0.06724758501334305
TPD52L2	na	0.07364097315052168	0.045925202621096534	0.11283553471607138	0.12258921869178852	0.08734539270806911	0.06127417848834389	0.09674227465904152
MYT1	na	0.0	0.0	0.0	0.0	0.0	0.0	0.0
WDR18	na	0.04659208817937467	0.03259596751341476	0.07492111192298147	0.07960359252732661	0.061642214815946055	0.03252968345844826	0.04319193248053376
MBD3	na	0.04235436097342215	0.010873859240395387	0.08614705553524586	0.09700725472023387	0.06732499271531169	0.04004456450249044	0.04531064732832518
SF3A2	na	0.041233342078833474	0.024077676507373726	0.07390327172866201	0.08711221171321146	0.06241870751090804	0.024220839267881402	0.0509373850722934
PIAS4	na	0.0	0.0	0.0	0.0	0.0	0.0	0.0
GTF2F1	na	0.05723228111558802	0.03193631400707309	0.08239912107080447	0.07807105060119442	0.056691055226135635	0.028414045201677698	0.04622747674104648
TRAPPC5	na	0.0	0.0	0.0	0.0	0.0	0.0	0.0
ELAVL1	na	0.04392847113926054	0.02809014772126645	0.06869061592484842	0.08725440261122798	0.06255649953976601	0.03836885192507716	0.05854638303041455
CERS4	na	0.06849834543465762	5.534300944232259e-16	0.09534330338527285	0.15231220076720303	0.08297937081342013	0.025233014618540606	0.04392548689412743
DNM2	na	0.0	0.0	0.0	0.0	0.0	0.0	0.0
DHPS	na	0.04865424163210808	0.018172218477089226	0.06144145815321496	0.08090909577461174	0.058739691715314506	0.04775705884780418	0.057773606567849384
NOTCH3	na	0.045829520152276045	0.029855634480837143	0.09190732287519611	0.09080675694081745	0.06683057026322356	0.044574812295310275	0.07425443210558902
USHBP1	na	0.0	0.0	0.0	0.0	0.0	0.0	0.0
BABAM1	na	0.0	0.0	0.0	0.0	0.0	0.0	0.0
JUND	na	0.0791088787426062	0.0018847334335763712	0.16019197175633731	0.19136458556564281	0.11139812189941206	0.04226911408622515	0.11149269795157064
NDUFA13	na	0.17285274098220213	0.14336955852286404	0.23599713266927685	0.26741064304339324	0.18998664517707356	0.1619352310186168	0.2716151449466249
ZNF681	na	0.0	0.0	0.0	0.0	0.0	0.0	0.0
UBA2	na	0.0	0.0	0.0	0.0	0.0	0.0	0.0
COX6B1	na	0.18852023670195578	0.28500105398015624	0.1404021532798225	0.17478890097894448	0.15622777737141832	0.23112717912076733	0.32030101252783927
ARHGAP33	na	0.0	0.0	0.0	0.0	0.0	0.0	0.0
CAPNS1	na	0.08941940079883265	0.037355529046716636	0.1387230063551011	0.15633736283667954	0.10133589378178674	0.07972174575312577	0.11971453641108408
SPRED3	na	0.0	0.0	0.0	0.0	0.0	0.0	0.0
FAM98C	na	0.0	0.0	0.0	0.0	0.0	0.0	0.0
RYR1	na	0.0	0.0	0.0	0.0	0.0	0.0	0.0
ZNF428	na	0.0	0.0	0.0	0.0	0.0	0.0	0.0
APOC1	na	0.18814816927961564	0.19259131043655767	0.14924045282018578	0.1963334611464361	0.161068553074223	0.3123734560725702	0.25303713287381285
CLPTM1	na	0.056220128507221474	0.030999711252820764	0.06868736817993878	0.09566541138317873	0.06161984911606053	0.025675808864576755	0.05082630597200365
CD3EAP	na	0.0	0.0	0.0	0.0	0.0	0.0	0.0
ERCC1	na	0.0	0.0	0.0	0.0	0.0	0.0	0.0
ZC3H4	na	0.0	0.0	0.0	0.0	0.0	0.0	0.0
CCDC9	na	0.0	0.0	0.0	0.0	0.0	0.0	0.0
NUCB1	na	0.0	0.0	0.0	0.0	0.0	0.0	0.0
SCAF1	na	0.0	0.0	0.0	0.0	0.0	0.0	0.0
MYH14	na	0.0	0.0	0.0	0.0	0.0	0.0	0.0
LILRB4	na	0.0	0.0	0.0	0.0	0.0	0.0	0.0
PPP6R1	na	0.03298652080030041	0.030077839241134597	0.07639112432656996	0.08585405953702333	0.05873338169540861	0.033533436934358	0.05045955939803945
IL11	na	0.0	0.0	0.0	0.0	0.0	0.0	0.0
TRMT2A	na	0.0	0.0	0.0	0.0	0.0	0.0	0.0
RANBP1	na	0.07961777812866402	0.0554478123277872	0.08771001026730203	0.09424495832234522	0.07522501727669618	0.08780274723512174	0.08916606612426908
GGT1	na	0.04246524934149493	1.4795447247294076e-15	0.09381768600640537	0.13643530354913164	0.08522666153654705	0.012887283552908583	0.041498898078150076
CCDC117	na	0.0	0.0	0.0	0.0	0.0	0.0	0.0
MORC2	na	0.0	0.0	0.0	0.0	0.0	0.0	0.0
MYH9	na	0.1353281979440744	0.0897242233346234	0.19039149645680736	0.202360886431494	0.14081477041633053	0.14509397426914492	0.21227554088252423
TST	na	0.06283969237877297	0.029666992462442535	0.07606162580793237	0.10645450275109597	0.0675094371250339	0.04676911931560592	0.027004460186933577
SH3BP1	na	0.0	0.0	0.0	0.0	0.0	0.0	0.0
GCAT	na	0.0	0.0	0.0	0.0	0.0	0.0	0.0
MICALL1	na	0.0	0.0	0.0	0.0	0.0	0.0	0.0
PLA2G6	na	0.0	0.0	0.0	0.0	0.0	0.0	0.0
SREBF2	na	0.07141289651302617	0.01796544654054282	0.09765376065049045	0.114621562094923	0.07157966500402752	0.030861802190618754	0.048239706936558525
U2AF1L5	na	0.0	0.0	0.0	0.0	0.0	0.0	0.0
LTN1	na	0.0	0.0	0.0	0.0	0.0	0.0	0.0
GART	na	0.0	0.0	0.0	0.0	0.0	0.0	0.0
SON	na	0.09358755016673038	0.05232162927974702	0.15240552613127045	0.21886474894706237	0.12773319848562428	0.10984530764902814	0.11472651764818624
TTC3	na	0.04816808801224616	0.03913863143647845	0.06037959893842582	0.10542210976121862	0.06579339387306089	0.04902437463408164	0.06444942903206016
