NAME	DESCRIPTION	1	2	3	4	5	6	7
ISG15	na	0.22234682482632162	0.4004444975496481	0.2482118999438963	0.12681313170963404	0.2119365194216885	0.41169557901794074	0.5169396345138779
DVL1	na	0.06029299376671103	0.03317198548388127	0.054379892713721456	0.07852410068314924	0.05632285272332823	0.02651970282491772	0.030486261353552813
ATAD3B	na	0.03312439936385398	0.012576336790369763	0.054555117747070496	0.08021026154768535	0.05960749429334374	0.026414437921478972	0.055099369572644524
RERE	na	0.059196976682096454	0.014757297838028547	0.07237009881884576	0.08150587251308197	0.060541770023552946	0.03000926262612075	0.04196866510337082
SLC2A5	na	0.03753179987979432	0.06224411340819541	0.0701885078885481	0.044073950123180765	0.045768699973868905	1.8849048101449164e-16	0.03715283067189913
CLSTN1	na	0.05651732253963273	0.037281118461439576	0.0959129486798776	0.09859520110508571	0.0733978444083347	0.04399153212728278	0.06854972084922449
EXOSC10	na	0.06346404374126187	0.03632981212235263	0.05464654086313398	0.08023576883107497	0.050630726679646396	0.01707262944795186	0.03132070846885322
PRDM2	na	0.06555165853821031	0.02945446079719084	0.05288103900219693	0.06188211555259894	0.05179924867337012	0.026103522939691533	0.03033459563777496
EIF4G3	na	0.05841131534626198	0.030745545252553477	0.07514221552252266	0.0768395833382027	0.05902777474725806	0.02300761392506574	0.0343999985278659
CNKSR1	na	0.0886393893605314	0.011678950561532916	0.04911715633548587	0.07638568002409622	0.052265301144188245	0.03753079351754233	0.01713939110818327
UBXN11	na	0.0318203810857833	0.0500259443841966	0.08428349132886481	0.04400850624194618	0.05161579506923429	0.007212822562460426	0.04474822262107899
EIF3I	na	0.06363991678182801	0.04673027603268355	0.09343436984648441	0.0957082511652901	0.07025876391284477	0.058412096436462356	0.08070143405555258
THRAP3	na	0.05045009911402044	0.006548155407670626	0.07802038867231807	0.09263712699179008	0.06330296086821484	0.03857599369581545	0.04217072073399134
SNIP1	na	0.03498220047391499	0.03235458537377755	0.07200500968500703	0.05740120053391332	0.05584931976389678	0.028180916169257428	0.03260390430360732
PABPC4	na	0.10668198828325395	0.06278434027284147	0.11781666455195566	0.14219205157584114	0.09696710404816475	0.09858526798074156	0.11038984544715666
CAP1	na	0.1100154175705272	0.15405974931829153	0.14295391876127364	0.10986359306785008	0.1093730412957309	0.1410837950588369	0.20422334246404295
IPP	na	0.04749135215776232	0.011864135195050581	0.06685056669572682	0.04144260135499162	0.04995439650433317	0.03957516900190633	0.02591631325097537
MAST2	na	0.04574619863775125	0.0300931111491545	0.07987172300078932	0.07319971389629824	0.057851566775266934	0.033571306699755984	0.044746636866260736
PIK3R3	na	0.056062601077797	0.017420479050184914	0.08623547708301149	0.13159381156737052	0.07858105091584724	0.054128950318179235	0.06254968863152248
NDC1	na	0.03639033672677882	0.041340352754723475	0.07149699586978454	0.08252660104748528	0.05262164244931588	0.017622044499021106	0.03771439590562846
JUN	na	0.07604983421023902	0.04252409087641857	0.10766586711895591	0.10007937413077933	0.08411996322414601	0.0711150212651817	0.09805177085127842
SERBP1	na	0.08501986901162162	0.07466387692666454	0.1357642026664233	0.13941898322971213	0.10186390938980389	0.08806006399230733	0.1227635759491298
BCL10	na	0.04416856783119824	0.03462730434636719	0.06391352821429563	0.06576626993505996	0.04661004597925123	0.022259283884011792	0.04383661483128874
RBMXL1	na	0.02596998221318499	0.042029518143332924	0.0472631263081586	0.07251473439423278	0.0532660428146155	0.0053838938267308555	0.03974033375189408
GBP3	na	0.038932727958467514	0.023382075407036986	0.06448310611229287	0.0600499202667953	0.049562375464869704	0.03702499188666413	0.04418105447125893
CCDC18	na	0.05521475602544692	0.012850309678261573	0.03997160734434054	0.06701862312984701	0.045661070196669824	0.020863031560371115	0.08292446575602
DPYD	na	0.11947666196702708	0.026390834526658264	0.0824937424447732	0.029404464811768633	0.05266006302190912	0.04135045929811397	1.3789833003743935e-11
PRPF38B	na	0.04343644161364646	0.01661216309650559	0.06724267362822978	0.07692700007465957	0.052089007646642836	0.03934742076284456	0.05160310380149933
STXBP3	na	0.07306327589537939	0.015086826804663852	0.06308831770260274	0.06732810343136654	0.05397901117435696	0.04299555804407811	0.04525246671555006
SLC16A4	na	0.0	0.0	0.0	0.0	0.0	0.0	0.0
DDX20	na	0.05426335875222628	0.003785268218592759	0.055604626292872154	0.06688104848938224	0.048746603894298086	0.05211076378132793	0.03849906027614836
NGF	na	0.0	0.0	0.0	0.0	0.0	0.0	0.0
IGSF3	na	0.047158021184330885	0.024907452402123754	0.074397463533829	0.09325639299024442	0.0586302797085988	0.043496276655836254	0.06235379480727752
NBPF15	na	0.02009164459883542	0.01755747753392825	0.07185688063267813	0.062485195984389716	0.05030249420214367	0.03259168370959348	0.03600088247268691
POLR3GL	na	0.03928064098734019	0.012407602938683425	0.055373666826953466	0.0856917174513874	0.04583534671509655	0.011082575511649003	0.04097770471079031
NBPF12	na	0.03136004991728239	0.037096641895706474	0.05195013004083025	0.05961506583350225	0.0486982779640802	0.023697128723469404	0.04630394463544026
NBPF11	na	0.03528656972984839	0.03072707159332664	0.07191474075499547	0.052355618543245365	0.04891852980851494	0.03214873173048743	0.038211963996187454
HIST2H2AA4	na	0.06890405889742979	0.06883799855232771	0.06908609832982715	0.054700191810639696	0.049452296305322926	0.043680157804068136	0.08184826665045712
HIST2H2BE	na	0.06214389401046759	0.041835723515376434	0.08468991415769278	0.08606551346639228	0.06253877021727704	0.07547046535646677	0.07732966868972205
PRPF3	na	0.05318245365402839	0.02406148702221415	0.08449826927552748	0.09666299974673692	0.06736408672131546	0.038871063259888226	0.06269657367410335
CDC42SE1	na	0.08015343623221975	0.03119373878911261	0.090795903765247	0.07537916090442313	0.06337713205131168	0.0553682676225993	0.07059031420694298
HAX1	na	0.05142140698333578	0.027113490173863917	0.0558198950823746	0.07386050754756956	0.0521988027624984	0.05555886834772465	0.06703083695086007
PBXIP1	na	0.0433947494865642	0.02763858068997632	0.07524095060702451	0.1031424550501907	0.06673521196044903	0.015386379275415434	0.06784269155124983
ADAM15	na	0.059480264483090156	0.016549856846435347	0.0951722926549546	0.1321739060235341	0.08093628473068977	0.04227142838203761	0.08259662884483467
EFNA3	na	0.060324699221772214	0.0407150665178599	0.058794608238313645	0.07775291683241022	0.05506216347655755	0.035655552302595955	0.0443892485000761
THBS3	na	0.09415289694224582	0.046450267268661805	0.07058005772485731	0.0491091558942337	0.0518916005857827	6.022941160873763e-14	2.3427902345384373e-26
MTX1	na	0.04558343278326771	0.03920795266598839	0.06855748856450597	0.08601781800731101	0.055160034029196454	0.031048115475025253	0.06504947299127883
SCAMP3	na	0.059602890589491316	0.025985403337575083	0.10702394552631268	0.11375266264244303	0.07439716745456301	0.028330407955522274	0.06178677398598652
ASH1L	na	0.05406631021652533	0.03272262904930589	0.06668296361670574	0.08850025118541993	0.058324587680396174	0.010389288540275961	0.04126955104164258
YY1AP1	na	0.04004673544419175	0.01761526723459611	0.08167346054321295	0.10116006511971465	0.06224009140262693	0.02794404394570406	0.0653818753271085
MEX3A	na	0.055404074503835915	0.032455237253993297	0.07087693960901432	0.059937709752759444	0.05221863310921268	0.02395665911461797	0.034212836232365484
LMNA	na	0.08345200741500036	0.055736641422304195	0.1316466497252641	0.11555815930905633	0.09442692530462736	0.055935123317351704	0.11284602962848593
PMF1	na	0.04745927201461782	0.024868268100287323	0.07111701872631576	0.08120883977354178	0.05375828428726215	0.03209421284510611	0.04482372012877293
USP21	na	0.03597674261706767	0.02263340817477655	0.06218386311799948	0.06928982705655001	0.04472724215580634	0.03387421592589071	0.03182352286265611
RC3H1	na	0.050770829915540515	0.0066275920203038826	0.05255260554307226	0.08123770346484634	0.054173454893307306	0.029147626700842002	0.04865621670785358
CEP350	na	0.02266323354698156	0.020714933537927797	0.06389261437747391	0.07495379612962054	0.04838445410815051	0.029417285166679765	0.05112321297882783
TPR	na	0.02935316823079095	0.03646045507899713	0.08789073266415774	0.05952125304206102	0.05512550371551604	0.036022203006830046	0.04815756045753592
ADIPOR1	na	0.07936814890132414	0.038993767410085575	0.09961174667223384	0.13132853681342369	0.07652692006454502	0.03822056033934298	0.08112196107500379
SRGAP2	na	0.06548337522172361	0.03377196766978158	0.056234400848729195	0.05634608022864759	0.054198525565927316	0.0234556194820995	0.03177229810774926
INTS7	na	0.051289002735299974	0.013206910782083177	0.06973984612840585	0.08035799763837083	0.057655426885619004	0.03392691971580585	0.03425462613569074
PPP2R5A	na	0.04120314822230639	0.0262468590734326	0.0774204780598858	0.08395451199362018	0.061365732641020077	0.026789535791153937	0.06252487554965111
TMEM63A	na	0.051365333729934654	0.02685522960594073	0.0782271904602007	0.09807644083252284	0.06636421684628016	0.022050016366799097	0.06213521065620075
ARV1	na	0.0921452047833509	0.05141530153365342	0.06648851831056937	0.043196293704642556	0.05200357822444958	0.018549430824155014	6.883001154820655e-19
RBM34	na	0.22402672791513764	1.6685897034499402e-16	0.0015799470308262705	0.09315863009640023	0.03980008329117991	0.33596471418548945	3.21079685052811e-29
ARID4B	na	0.036821184609719636	0.02268638033198278	0.06943717271797001	0.0866851880206361	0.058667543219085065	0.03825671043536735	0.06372277061914887
KMO	na	0.043628853267410554	0.02340572149787553	0.07023100013275613	0.08401542120847294	0.05767885341407633	0.041025536732632324	0.06799486188975813
OPN3	na	0.05581969449406421	0.024006566161519544	0.046313047544431996	0.05145136013086511	0.061596127657813214	0.04992685786139643	0.022141770041746667
RPS7	na	0.3148094804279058	0.7099224744589452	0.11341013557998669	0.3182369423589901	0.25703580361981676	0.5770604486260081	0.5712744974963843
PPM1G	na	0.06557274514190432	0.02217387922820407	0.07810723371372288	0.11548906971523053	0.07456663717061575	0.022802517100326734	0.05841940821412394
CEBPZOS	na	0.05168041829134983	0.031745089367467755	0.05687737845298352	0.07310953450456376	0.050776705478061214	0.026741579556626666	0.043195246013932376
CEBPZ	na	0.02782818610051109	0.04286721645119011	0.0587426190280764	0.06947234277362285	0.04837874679137389	0.026124722341407752	0.06508753906524926
STON1	na	0.09647503929214948	0.06054105354499411	0.04570778279737287	0.05106195160151661	0.053444228859481746	0.016199261068261913	0.003603360888527254
SMYD5	na	0.03239091407962121	0.04205119327914344	0.04729972649681429	0.065419745755112	0.05603760756614393	0.0078076478505864815	0.04559799990678958
CCT7	na	0.06478002264226902	0.09113820302234261	0.10910450698691763	0.11527020370231687	0.08455921308899032	0.08300294412354606	0.12342097074758894
WBP1	na	0.023687576875824946	0.014565274519535569	0.03621610783719671	0.07498742202012525	0.057976394541172586	1.2733793462453497e-13	0.04458507840827699
MRPL19	na	0.030524576776435792	0.03690477627616386	0.0644084028118265	0.056729302537550125	0.05006590822701119	0.03648349542188867	0.03966625449863566
GCFC2	na	0.023805408607913664	0.06920074418848292	0.06444178113454008	0.04455394277606508	0.04916696681771642	2.0210853483374748e-16	0.051086773796158017
ST3GAL5	na	0.14093537488747232	0.04664112963213144	0.052914943278246085	0.0589729842958357	0.05760642727593688	0.005850993658329998	0.00040740969725604637
CHMP3	na	0.04051851024663449	0.03160067426179424	0.07717070402688322	0.07506902193052012	0.055708363215491816	0.054007448197820204	0.06252364206788326
TBC1D8	na	0.04199755672649291	0.022307354503323787	0.0713964753007215	0.05078744711720171	0.04523131254863464	2.873443385556395e-16	1.390737874666247e-17
CBWD2	na	0.010333458873605816	0.014445456546517655	0.05927605555485416	0.0695592798102118	0.04513870224223758	0.025534285464575153	0.0678248920395858
SLC35F5	na	0.05408900850034641	0.008069888221298902	0.07307300536949829	0.059959415735401575	0.05300251193257626	0.05221647875256837	0.03266015484771595
RAB3GAP1	na	0.031025831997659088	0.02497370291243375	0.06392842696083054	0.07505098461915628	0.0541810896248241	0.032529542252454025	0.05043510868439338
FMNL2	na	0.10817395776518918	0.03466758034628462	0.050846897494768395	0.040607543261831795	0.053709467558159064	0.028288695079273594	4.3272278481301585e-13
BAZ2B	na	0.04077336803886736	0.041748933371086976	0.06479241432115931	0.05965294550069439	0.05763276284491959	0.023924767508196654	0.04029663699465871
GCA	na	0.06372365907092785	0.011185876173559317	0.0558524664458021	0.07469198234840684	0.04899424712139307	0.036428789511769095	0.042023690211172395
SP3	na	0.0545984247675785	0.021785132738955503	0.0731569786132217	0.07899683903294727	0.05419166639723685	0.03398181879918967	0.03763196636419727
RBM45	na	0.035980023390222486	0.015530085862023807	0.04426196437001563	0.06611372635382691	0.05180257740998962	0.034152474453982375	0.07224404002986948
ZC3H15	na	0.04717772644425757	0.031501514729251605	0.06832413113794186	0.08494963839229193	0.05795724116887031	0.044968898710751604	0.06738624624633759
GTF3C3	na	0.02194574121661435	0.023163475128161012	0.06805887468416628	0.0583690306748122	0.055320015805385626	0.03573205368419631	0.050217892364560174
NDUFB3	na	0.09829436413679771	0.12991352079867396	0.08922171131345057	0.09603506686525701	0.08491835602337887	0.118661170385724	0.1282132927076975
GIGYF2	na	0.04947193883176296	0.043365814928009526	0.06106536855411258	0.07320570457905254	0.055276196363415415	0.012737242259770762	0.03811699078284311
TRAF3IP1	na	0.015959646959271278	0.042334087567360054	0.08107578416953995	0.04170552200352391	0.05358344454418087	0.019962269002434568	0.03859132508305105
SEPT2	na	0.06595789598656557	0.07057386129655963	0.10584201465522174	0.10384859315069464	0.08099269224563463	0.055848019611372056	0.11139327041975583
FARP2	na	0.02949853909157708	0.021936657525431436	0.06330191989878639	0.057593113353128	0.05137063706282947	0.03165465747156799	0.04476057363610968
TATDN2	na	0.054884061368770054	5.331576500485889e-12	0.06465256775671736	0.07462981642171249	0.05836192258281265	0.04469705626410732	0.034351712033363485
TMEM40	na	0.043992050193557036	0.03437983906237506	0.048162657730445806	0.06243755908537596	0.04256681983014379	0.04048659910097307	0.05482459861933797
UBE2E1	na	0.0316106097092314	0.02875938568246095	0.06636914969128142	0.07433367649377252	0.05828525623846939	0.03614252712740018	0.057617187287304444
NGLY1	na	0.037783060096983206	0.024439800255577293	0.0525826875120392	0.060226701046449484	0.048964365516344935	0.03622190260838869	0.050210461854708524
DYNC1LI1	na	0.05493847097379385	0.0353353965079676	0.07206805047263348	0.07232642663817258	0.05676553442626699	0.03189135969728221	0.042938055419530406
PDCD6IP	na	0.06446476656572148	0.028379791087096127	0.07625430050989096	0.07870001031754602	0.060665025391456684	0.05250068521638341	0.04988777445804652
NKTR	na	0.04999382145770919	0.02033486501840532	0.0715839431071655	0.07286845836403266	0.05861490961637389	0.039842026132845924	0.03817414456987498
ZBTB47	na	0.0	0.0	0.0	0.0	0.0	0.0	0.0
ATRIP	na	0.05727221200588476	0.06636760438561726	0.07233086246773944	0.053663901893495236	0.05681262645196227	5.646239153905155e-19	0.015674266262965926
ARIH2	na	0.05225451338661595	0.022470949449456393	0.05746694086333364	0.07011024824478511	0.0573873009916736	0.03657134785273619	0.04610217238115115
RBM6	na	0.022465656695464124	0.04388121683165077	0.0759735044789763	0.07734175026189391	0.05471904790699182	0.009080470795510909	0.03817178239228877
HEMK1	na	0.06894339430402148	7.379438452926599e-14	0.10065294497441626	0.015236253524703544	0.055283326011605495	0.07063257562845485	0.01630811628715513
FAM208A	na	0.02678299861340625	0.01943591683822591	0.05266093684840936	0.08362261655461128	0.048376221115515254	0.03638166908151369	0.06552373977742863
APPL1	na	0.047814803489194466	0.029160279796152495	0.062407762670354826	0.07642996016542762	0.05513711295725927	0.026591610542183376	0.045259505330684485
FOXP1	na	0.046537773805198315	0.03312959377188194	0.08830432522046837	0.08382069065716884	0.0654700631536284	0.033797792437632604	0.048135893860793144
DCBLD2	na	0.05081879975466551	0.03491161402814385	0.06281990539200548	0.06990683850098994	0.06100310736650789	0.010670012418760562	0.028269282721493316
NFKBIZ	na	0.07762391582095184	0.034491759267928954	0.13245019808439346	0.16686437296884551	0.0993616006210192	0.05326753927725547	0.09728459431898358
CFAP44	na	0.06063344056167681	0.048348715050381866	0.08996393841056335	0.04095020968129276	0.05093818048758646	0.02237507237646187	0.014444109106855679
NDUFB4	na	0.2122610834463737	0.3722022130362584	0.15439831337168503	0.11723582619455762	0.1679906595412583	0.31052560057515133	0.37236496178222617
PODXL2	na	0.057368084684256235	0.028083875165313583	0.10510178451862923	0.09187411680245243	0.07085528428944235	0.053827726433616906	0.07326853390750326
ABTB1	na	0.03225233710556012	0.019292912187408313	0.06890303556147845	0.07157408907604718	0.05359873496341865	0.03970135659070192	0.04178862108588504
ATP2C1	na	0.04780231910393112	0.024286376554466176	0.08652169044229417	0.08202806100344706	0.06345017030123459	0.05002086819333571	0.05583795468868929
ASTE1	na	0.11524751446338495	0.010081326625149302	0.047080473422284455	0.06145255129969327	0.04255798157304903	0.032992291641505356	0.03352210642620704
DHX36	na	0.041807857801918785	0.03621176045744163	0.07216585808266524	0.06791996936896613	0.04754893438801905	0.031447544436425265	0.04869428462061025
MFSD1	na	0.0384859992723486	0.02536869885133433	0.07672127082423691	0.07229259186905565	0.0556335675969217	0.044608945301222655	0.052032494973195995
GOLIM4	na	0.0592106635323213	0.04743626835486467	0.06838393062589229	0.060814178595440575	0.04430057454857047	0.019290616620200058	0.011676961229458365
YEATS2	na	0.049416338362058373	0.024469986268976493	0.06399040891712983	0.07320818411242175	0.055435449072003505	0.028510994887802295	0.03604637566304652
DNAJB11	na	0.038038944990968264	0.021993556070878464	0.06026721530055313	0.07747496837748115	0.05609038748383568	0.03367323663253289	0.043053592213041336
LPP	na	0.01597091201625503	0.047455525539881166	0.06993946055553026	0.04603962023929094	0.046759518820544195	0.035017493657968794	0.06295881896790381
LETM1	na	0.03151278236101446	0.019850344075114795	0.06151478108589707	0.0839212378707638	0.05980158326163208	0.01515994254256388	0.04473154468072896
C4orf48	na	0.07131006317905607	0.0626429167980529	0.11470305211469979	0.09761056793312706	0.09457026108947778	0.18654492962400682	0.11160591213105092
FAM193A	na	0.05237009973712507	0.006522413597787776	0.05578779218456275	0.07701913781841457	0.04893023235589094	0.03397714606436064	0.03708942035306115
STK32B	na	0.05180320089944436	0.12321231709085208	0.0933800359526233	0.03299130855051232	0.05737081827377305	8.533914697337444e-16	9.37758317430415e-16
JAKMIP1	na	0.0	0.0	0.0	0.0	0.0	0.0	0.0
WDR1	na	0.07107273639167962	0.0402345884808048	0.10694992334206589	0.1309173212888719	0.0821475532576099	0.057256955732379995	0.09100072193104805
QDPR	na	0.04090182003449544	0.02927126053665314	0.04935678192897654	0.0640649101578532	0.04778069696685645	0.03840226654068366	0.04078130552648916
TLR1	na	7.101209815369705e-20	0.08241340817625017	0.08889426434819957	4.1335352339756825e-13	0.05237159318582154	0.020589375111627204	0.02921664717221668
FIP1L1	na	0.04411145271908224	0.036024658716568084	0.055828225564579684	0.06774859319331758	0.050212497001240336	0.04020836508283177	0.05174898711139625
UTP3	na	0.02765173337460145	0.0219629290928671	0.05700232844828954	0.05765196568703772	0.044365367530290585	0.044043993326702814	0.06409749735222157
CCNG2	na	0.07359520559105953	0.022765997188094654	0.11208502418221257	0.16459964909850092	0.09315115910310241	0.036200728931000896	0.06727285177785493
CXXC4	na	2.234972997235921e-18	0.06038109661401145	0.10923729187137957	0.017508286690938853	0.04506802621275234	0.02775848849369731	0.04130080711762296
SEC24B	na	0.0676769941424178	0.021232694846202816	0.048976009210167384	0.0910426499317161	0.048116768845588735	0.020926590991112857	0.03797706581278413
USP53	na	0.053653859322768976	0.0409048998882346	0.06746819845978079	0.06199791061364357	0.04967520234884656	0.020286946848131055	0.033593990336183446
GAB1	na	0.03940064512506752	0.022003047319634195	0.06741276450184444	0.0599642687247105	0.044185143689162897	0.038733744711714674	0.038961693912763364
SMARCA5	na	0.045864213345340125	0.028651546808446126	0.07928713017184934	0.0965404718802601	0.06241614882487278	0.030354118153183608	0.0744832177335811
LRBA	na	0.07197646922121564	0.014849268559753557	0.07764273224673414	0.10828996146183598	0.06265920688254177	0.026156429554204164	0.05580100884069053
RPS3A	na	0.6642550155154543	0.9059715301734926	0.494808175156889	0.4380191294594901	0.45471695189967587	0.5511197580625834	1.0386204117969449
SH3D19	na	0.060342255708301526	0.007923953747604993	0.04511449360640712	0.08271462709985118	0.0490871835739019	0.01723295325114396	0.038286982133796166
WWC2	na	0.11061689181825289	0.002077489335932954	0.0658160022098425	0.05154752842594364	0.05108747430000707	0.05863483078955756	0.012537427360776295
UFSP2	na	0.06177687146040754	0.015478426496324376	0.051648759415441545	0.06605762318385014	0.05163263800485281	0.027434284495860693	0.030421733815930455
NKD2	na	4.4931962754601e-16	0.07808492518525428	0.08457371588772043	0.020011958537860634	0.05006445917548372	0.20503319197470346	0.01623465539105064
CCT5	na	0.08062110511078346	0.07525022113451232	0.14247381695438266	0.16884768505609143	0.11610400099166451	0.1113255796921102	0.14980428897076503
DNAH5	na	0.09837567095169748	0.0698379189005718	0.07394839718416416	0.04766062316737448	0.05159360515806802	0.022155385017398433	0.005174331407513566
MYO10	na	0.058688778729318165	0.018219967636516766	0.07966166390374146	0.10099270024567943	0.06101057489440227	0.04399238620060245	0.06291735082077798
LMBRD2	na	0.061844795769446556	0.04033549227177754	0.06006919245044836	0.06645568539765931	0.055374386593274524	0.022876907791133334	0.015113222668614194
PAIP1	na	0.06353082276020418	0.04530808417474368	0.08415832206296067	0.10762864427531964	0.07120741599914479	0.05513101206961347	0.08597799179524793
KIF2A	na	0.029000277997436607	0.023768491177887124	0.07323770591464973	0.03824620935403097	0.05965183055128854	0.040115023316253134	0.03414527194211687
MAST4	na	0.011372532512978083	0.019826770610808522	0.043928063338014675	0.06682681889461682	0.05859177398544221	0.021160285518861018	0.05601664053727344
SLC30A5	na	0.044407670951882895	0.034526291119386356	0.0708723588271746	0.07450931590623072	0.05530809001321761	0.023937066529338993	0.036910812977115126
SMN1	na	0.0	0.0	0.0	0.0	0.0	0.0	0.0
AGGF1	na	0.03739216318269105	0.011190860140219645	0.048898542913958884	0.08263913494293765	0.05327916705397175	0.03256431772743207	0.036568802073586655
VCAN	na	0.07601969407512361	0.06665420460135982	0.07848266360577202	0.06257986654383485	0.05969948848881383	0.07049707792648129	0.07871057881874301
ELL2	na	0.023263049203703052	0.03347384016855311	0.05496531101169741	0.0746932857307791	0.05367907722484023	0.02327690361810658	0.043401566035053164
PAM	na	0.03645791993668168	0.04828557769672086	0.0583787588656606	0.045221069611107105	0.04776011786700458	0.02736567066752865	0.04048413597078234
AP3S1	na	0.04617752514791892	0.033377424215296034	0.07562023797269711	0.08688014162445595	0.059916557374536564	0.051750599930614205	0.0604219741743004
HSD17B4	na	0.037616625335182084	0.011107071436042192	0.05896104259955551	0.07085262423494158	0.05747841778415538	0.04235578903145537	0.05657593317594302
RAD50	na	0.0	0.0	0.0	0.0	0.0	0.0	0.0
SOWAHA	na	0.052151467304127286	0.013329392196647973	0.02970004259689039	0.0885008402904433	0.05305957988227121	0.014396587041147477	0.05169423546590383
UQCRQ	na	0.3538348120069532	0.6057919396785366	0.24533790847364106	0.25474234979610455	0.2730932776666431	0.46760122687086325	0.623844372363958
FSTL4	na	3.674729849977051e-24	4.29574513081411e-18	0.06272982303117765	0.06184460187470203	0.042472646381016055	0.03900751102743676	0.06393211001785767
HNRNPA0	na	0.04718029120369619	0.019206482071416387	0.10821220369559109	0.11023356312793119	0.07669810388285941	0.038786612839493466	0.05990037587729802
PFDN1	na	0.045814268602200614	0.043961591779386376	0.06914014479288026	0.04832120824122575	0.050313914145974276	0.04536352976271003	0.03641337659168105
SRA1	na	0.041995388940722	0.035415589944678666	0.06144221756025793	0.07008075535803701	0.054519232922334036	0.03966427282271776	0.050118236229678835
EIF4EBP3	na	1.3678951842364876e-14	0.16922120765177695	0.07114943048877358	0.022241005728530373	0.04584138656428392	0.03346114194248417	0.013818229133279345
NDUFA2	na	0.12230183452641882	0.13409684073121977	0.10521422177967679	0.10313309746057799	0.09767887159049043	0.14694248194763485	0.1802207616661307
IK	na	0.05213680895224224	0.025358017592845512	0.08318883558250562	0.0765464608187942	0.056954136390300246	0.047082912105793115	0.052293311286661925
PCDH12	na	0.12662337064137477	0.0887307994085924	0.03660578833566892	0.07567689076376984	0.048341457341324105	1.9996205877798155e-15	0.02207934453498365
TCERG1	na	0.034058332968609745	0.025468099256858855	0.06107952506895828	0.0641905773677567	0.05242727159386496	0.03846149648068743	0.05173200638484503
FAM114A2	na	0.1115112929138276	0.03856126357884181	0.05171205598637568	0.052174726083017556	0.05303110717401043	0.0054102868817084565	1.6618668934185172e-28
PWWP2A	na	0.0318379751713632	0.04161700930245208	0.04671177408767209	0.07430752347084725	0.046006628095349354	0.018374782348054904	0.04886001476609983
C1QTNF2	na	0.08990312561664118	0.002271931221748556	0.060440318840668236	0.055512507687691115	0.041574951120313175	0.039175204410438896	0.023072685634297426
HMMR	na	0.04059110815853985	0.031425282540741076	0.06901067426201477	0.04128987270141518	0.04687176563934014	0.04418779029639547	0.04402422002013307
FAM193B	na	0.08155746550001794	0.02913810712758277	0.0728172391135316	0.08094297744598794	0.05460550927368419	0.016340874417431008	0.02348781204456819
TRIM52	na	0.12026614425850424	0.04847923399797435	1.1468802228096792e-12	0.0803045967502354	0.055777589625551564	0.05638505946591618	0.05026029072476834
FOXC1	na	2.9105863375668697e-29	0.05201729037832494	0.08112504040305775	0.030590274670543333	0.050902585375724535	0.08087727511253791	1.886746891804615e-05
STMND1	na	0.04436174248958981	0.030558400191857127	0.06484404211070179	0.07518377887955799	0.04943754838803802	0.01532887103385926	0.04835878373585078
DEK	na	0.0455808829567221	0.034544906409405045	0.06428235709814925	0.06953256343240252	0.051611959761710006	0.043973176459393665	0.05706558069214341
HIST1H2BD	na	0.02836895129568454	0.05242705023196114	0.06105902758722721	0.07254266400126093	0.0531132700936794	0.05925724408232347	0.06947610729713509
HIST1H3G	na	0.07131443550350719	0.003841102998785898	0.04732618045591158	0.05135433311986999	0.04382021533415278	0.06123850359305082	0.01559963316646677
HIST1H1B	na	0.0	0.0	0.0	0.0	0.0	0.0	0.0
HLA-A	na	0.27175391357411477	0.2992085621067305	0.3735430715447066	0.480908637304884	0.32936450164658226	0.3884272255810884	0.46092591139198896
TRIM26	na	0.025539049732066256	0.017483044120580386	0.07626743082095949	0.061577910306568624	0.052527924594574824	0.04598978697210315	0.04991103602402067
HLA-C	na	0.17845714733142254	0.27746771285740335	0.18889721574830212	0.33861554402010924	0.2112059806560635	0.3479346226952099	0.2902048613207377
HLA-B	na	0.24259566808048544	0.2704744077082259	0.385291209822392	0.560538035096619	0.34635308785611174	0.43331663476806803	0.40024647921456336
EHMT2	na	0.05589373279096513	0.03554403859848377	0.0815694648115588	0.0910218371241142	0.07112107602954919	7.926583765126858e-17	0.020025914409001058
HLA-DRB1	na	0.09040949460048316	0.16932314730108464	0.04849759270668825	0.13244644825999569	0.11132920535530208	0.20203630292510288	0.15274429815496515
HLA-DQA1	na	0.05705383773322756	0.0677394467586341	0.06154573610102097	0.05754980797065606	0.05729707935958999	0.0720406130763854	0.05486508258051695
HLA-DQB1	na	0.061616556593387134	0.06189211110990143	0.04669087014356622	0.09417658959473924	0.06805925951118146	0.0944110534899175	0.0735788566701041
HLA-DQA2	na	0.05206809849338468	0.03145273112164856	0.07666079450556672	0.09124692879421138	0.06282438095814108	0.053400590564521934	0.05748170695760927
HLA-DQB2	na	6.165427159591821e-19	0.09682921566567725	0.08086200127958444	0.0055894961117747685	0.04970603550263309	0.03362094672214441	0.09059289322708843
SRSF3	na	0.09270207309302161	0.061970880001777355	0.14209505950793275	0.1710460376098494	0.10728019690233044	0.07406006680259601	0.11306360118296034
TRERF1	na	0.021518612713109966	0.025302087892439897	0.07622214619761529	0.058549013935008797	0.05257017415373695	0.020198137860243996	0.033043487387552556
DST	na	0.049777275744065465	0.016057457141983974	0.057728819198743606	0.07059633958386925	0.05084609518435151	0.03151286332330644	0.04584021172278807
KIAA1586	na	0.0060500781587917085	0.006698501978646418	0.04408683886654301	0.09754526547094773	0.04064647615727592	0.00874503939054852	0.06603643809456967
SMAP1	na	0.03946629620228424	0.023529276722057728	0.05049812707683241	0.06872047455321029	0.05121224585508833	0.027291503766366222	0.053811595530126065
MAP3K7	na	0.06118159366227667	0.019686389160329085	0.0829243430708171	0.08027603385753018	0.05994468015433995	0.03216423211526546	0.029898277089890086
ASCC3	na	0.03723807165773304	0.03140322569316445	0.07111876865903695	0.10764198690229579	0.06575174335666663	0.05445435435420894	0.06155328840630494
AK9	na	0.0806517820751223	0.06695910306814591	0.08077820138083908	0.023272122653731818	0.054307401756595146	0.00889586722050812	9.633857764435461e-20
GTF3C6	na	0.08919858176390517	0.08311532549737351	0.10348123180103715	0.14479763624656333	0.09128898242505037	0.08871041458193454	0.0958709511070518
RPF2	na	0.04507828337551132	0.02230717098499172	0.07366398784408473	0.06973326174495423	0.05460181877089009	0.048245012061542726	0.04137244359818869
TSPYL4	na	0.03416492150086627	0.004995323517214076	0.06273100813970259	0.07361724620765836	0.05927257185056016	0.04614558170530716	0.05443028798757097
SMPDL3A	na	0.02862630377838165	0.051673698511971664	0.053238223057769464	0.07512279615659674	0.05577880137513869	0.014086959292901354	0.03434660800189112
NCOA7	na	0.04893836105525663	0.048372099999441885	0.07433272523130648	0.10278023555165543	0.06187922488209998	0.02176288817092777	0.05464255001152833
IFNGR1	na	0.06292829986563941	0.018368513333872093	0.08118470393719325	0.11566574229003657	0.06588817173596602	0.032862528127711094	0.062194469908028495
PERP	na	0.2817732979339344	0.27241446792677393	0.43187880927125005	0.25564913685581897	0.27321029169043975	0.21164320283264973	0.50526614170391
CCDC28A	na	0.03262877136885965	0.013497786871031517	0.0869148112945393	0.06652225349979869	0.06378942443713358	0.04016283241358326	0.04224965474583943
PHACTR2	na	0.04844680250784174	0.04230726480760841	0.07052838183317942	0.04499945519547374	0.0526125233224477	0.024262195987131047	0.036448845609467054
ARID1B	na	0.02925424632432503	0.026578109747849642	0.08435002887202467	0.0895717889827739	0.058856588916580035	0.030674160345084352	0.057378479977129325
PSMB1	na	0.12082113479077808	0.1337297709147459	0.16012244195246733	0.20012590346882123	0.14533620623030932	0.14852731948129944	0.20642114298504727
NUDT1	na	0.05431644217729697	0.019599916950219693	0.06896846767052234	0.0824936616792692	0.060980126708158874	0.05009209242055662	0.041007452172139164
AP5Z1	na	0.04004701849728971	0.039525001936280384	0.06514750712833942	0.0758020388272359	0.05450492818386318	0.007645393864955875	0.037456804785778244
RNF216	na	0.03771292002188417	0.028563638536611473	0.057111310288965864	0.0688655755421805	0.050501118307046275	0.02423175284967396	0.03996172831869718
ZNF316	na	0.03864408995888106	0.004948354322634015	0.05482918272173494	0.08223378183775351	0.05967362829171004	0.02901892866089974	0.03776558058629454
TWIST1	na	0.0528440929192106	0.02634851094612442	0.058679988893940015	0.07341097075701102	0.05172335656756577	0.03448733202611385	0.03873433573817324
SCRN1	na	0.045780336407744794	0.02964470412620954	0.06570683694536242	0.08387491508308624	0.05287191904277303	0.03329809348475788	0.05390491799392849
GARS	na	0.04873559378472867	0.029563961242702795	0.0723345906501186	0.06182012379020951	0.05287187444620857	0.04261110814308567	0.04487803282569272
AVL9	na	0.04321372218173719	0.033406773786917025	0.06231172598569222	0.0793888279566252	0.051877661839688824	0.0225076587062519	0.04150590305364146
AOAH	na	0.03616549021134029	0.04125871205734733	0.08059375748090472	0.04750137202599571	0.039942719120827405	0.029810181359603165	0.04162801650940301
INHBA	na	0.03842056466818643	0.04206358407814006	0.07377661677530514	0.06870146449259032	0.055779063484707125	0.045307993691609184	0.07740088371262961
PSMA2	na	0.06725418391452848	0.061655917626627366	0.0807382847594614	0.09786625974326361	0.0718236100121756	0.06403458809516444	0.08780759371746706
H2AFV	na	0.09557664732589	0.0736272925899744	0.11234531480550142	0.13225210260343484	0.09150613475079922	0.08876554078760067	0.1013265303071909
ZNF107	na	0.06664172259167774	0.03666309967018776	0.0649000371928181	0.06957936940669475	0.05227910416251319	0.01679656672552449	0.02206351078558143
KCTD7	na	0.3121883205872173	0.03453159975872454	0.015425715360200948	0.0705640597346347	0.04969774823507738	6.991129519484642e-18	1.0056782838356836e-17
RABGEF1	na	0.009032665212820782	0.029295336356849486	0.0656165447346894	0.04728036882901082	0.04946944285120249	0.03598343644651589	0.03593512562636295
GTPBP10	na	0.08758920365046283	0.01897035601804896	0.060652377370356336	0.05436213682544815	0.05064136005144145	0.028899596399656502	0.016570832407441564
AKAP9	na	0.03393748322812015	0.025980608878511464	0.0677886827952332	0.07714633033573104	0.05545343045550918	0.04650965174407414	0.05807978856695291
COL1A2	na	0.3153683155468011	0.4271044266632564	0.2924346340605256	0.36263780585770816	0.3128178485195201	0.4229215870626788	0.5030340862747215
ZKSCAN1	na	0.06025674274207249	0.020765124755380924	0.0715056992647696	0.08346592206202055	0.05613182792348414	0.046576485402251046	0.042815364305921484
ZSCAN21	na	0.049201544587768285	0.0011556989512158137	0.06623528608115425	0.0512336099041432	0.04755847979341106	0.04791372993947112	0.023219726135369153
MCM7	na	0.06393115267278769	0.04056726492142905	0.07679030254806246	0.09223957102592803	0.05986868168124047	0.05199714415673679	0.05632345573441476
CNPY4	na	0.03122574045282487	0.03362760991910943	0.0651910689627288	0.06266958939502665	0.04888464727557676	0.013725636822120977	0.04381273958780731
LAMTOR4	na	0.08270088891884994	0.08889555108022688	0.10273581298826696	0.14483838043321917	0.0925631001062425	0.10562104088875618	0.08493198435807302
GIGYF1	na	0.04046071830312318	0.027430751390897824	0.04602944381735196	0.0927090961698579	0.06356312364606283	0.006450004205736115	0.03450248349582007
SRRT	na	0.04008977065876403	0.03853614011867898	0.0871243829402488	0.07409962268942287	0.06414274516422333	0.033213469221317515	0.03703284592630021
SH2B2	na	0.04813241437283538	0.08064619722237694	0.0435499949101102	0.05925648121157218	0.05132348793988511	1.0549192179273126e-12	0.03732995688093907
POLR2J3	na	0.04958303128271574	0.038925268851394634	0.09548624299074894	0.026339423054511056	0.057000817228385604	0.029722438736646928	0.017561857479839113
POLR2J3	na	0.01602524730136559	0.08327221164147243	0.10938774618093787	0.01728028516803155	0.04982329900829502	1.52386565110939e-17	7.652622507486637e-34
POLR2J3	na	0.04958303128271574	0.038925268851394634	0.09548624299074894	0.026339423054511056	0.057000817228385604	0.029722438736646928	0.017561857479839113
POLR2J3	na	0.01602524730136559	0.08327221164147243	0.10938774618093787	0.01728028516803155	0.04982329900829502	1.52386565110939e-17	7.652622507486637e-34
LRRC17	na	0.0	0.0	0.0	0.0	0.0	0.0	0.0
CPED1	na	1.1443284300084192e-17	0.029348381138760316	0.011903077963254453	0.08682459859059559	0.04453488335235213	0.04212557899491982	0.07965552043487563
NDUFA5	na	0.07563118720515685	0.06280842758570168	0.09319499651550237	0.11393579360018977	0.07333165779578595	0.08062761125158242	0.0710609733465287
WASL	na	0.05023919103375902	0.03963334302176204	0.08359010874401974	0.08510840814031863	0.058415052337942766	0.05398637351966574	0.05598178538532758
KMT2C	na	0.04752000837912528	0.027147900271915777	0.06413428319466219	0.0743199383721929	0.05644424443093765	0.03992406577902504	0.04654503689394903
RBM33	na	0.04469041380792497	0.02935038542028163	0.06009237579704401	0.06149647577658162	0.055543377129428875	0.02727067891586619	0.039930487583833434
NOM1	na	0.05412660235390231	0.06336525483678643	0.0713371761583022	0.03183705348227925	0.052122272282866616	0.03330019807796427	0.02179213881992562
NCAPG2	na	0.10210210052924618	0.009361044805853348	0.06138560139595452	0.05654231659084073	0.052892861850070846	0.03598959081100226	0.030064205860412724
TXLNG	na	0.01909546348192117	0.03905335782679265	0.07354329329601723	0.038071748395962016	0.049559790845976795	0.028644727326799253	0.03591035213749955
RBM10	na	0.05942243787910868	0.016667946231663254	0.10394262169111154	0.11778003567707178	0.07989085960232681	0.03510768048340985	0.04337679079321146
PQBP1	na	0.05230939546733297	0.0354201750320948	0.07238917136517935	0.08643611853977104	0.059378666889806864	0.05828346308213558	0.07139739519430648
PHF8	na	0.06212282204178466	0.027944846699813848	0.051655219607091477	0.08139757467402856	0.0579829795596501	0.028114512953006036	0.02891354058643981
MED12	na	0.06360668983172889	0.025862348760860854	0.07736268545920365	0.06264236606528452	0.05352463798081835	0.03069574852575224	0.035565821140433246
ZNF711	na	0.04271077115951065	0.029556741218561226	0.04371601670647489	0.07649799966498323	0.05268355155055639	0.019090476503493308	0.045908319373599106
AMOT	na	0.11300095534369989	0.058980147082464005	0.07968220604955666	0.040189313331081875	0.06605552011432818	7.673881015261375e-15	1.5497111408384126e-12
LAMP2	na	0.06466906321603384	0.024263510385191162	0.10472368743137533	0.11710855159438037	0.07915673082693218	0.06258942271989346	0.0747222610785913
HTATSF1	na	0.08070113302335237	0.015812438977125386	0.08279032032752683	0.11334105889608738	0.06697750206450953	0.036122002723155695	0.0447591393128913
HMGB3	na	0.054122636880446044	0.021423163129266367	0.09720825714615261	0.11018112239987396	0.07139338054730067	0.0527790268947355	0.06879819492041446
MECP2	na	0.03351560222799521	0.007374189698076721	0.06606281629663673	0.07584695219774247	0.05336275625016903	0.03913595076847317	0.03404557834572474
DKC1	na	0.04703956633512739	0.028227983262790284	0.06727898894380945	0.06464873179991952	0.054898659370296025	0.03686556287105962	0.044170180133399586
VPS37A	na	0.06251439057804403	0.02034799864649107	0.0636786472908616	0.064128657644923	0.04768799434589451	0.034820424766236625	0.0267000670410568
NAT1	na	0.0504727978815442	0.021750352690275216	0.08687841363087555	0.09472885099262818	0.06868400798043292	0.04664051594341593	0.08140319821668726
CCAR2	na	0.05365145138561603	0.029744262218610887	0.05347631348538125	0.07829626569925552	0.05523700056867462	0.02302649238615485	0.038322018194501685
BNIP3L	na	0.02851860009715523	0.021290602530377047	0.06662505572702222	0.0922516846774295	0.05328903559535295	0.0254587891187725	0.07066979166183707
ESCO2	na	0.0769991487731284	0.0375286504483471	0.05840622435449115	0.06301240011254082	0.04319652681444971	2.2150962339687918e-12	0.013514123608285732
PBK	na	0.018646523250454333	0.03450621208389599	0.05856167850532781	0.07009844276312298	0.04803046257112477	0.0149525736215288	0.058043866489525156
KIF13B	na	0.03741847825651415	0.009159260547724264	0.05433341110608327	0.07645987275673102	0.052658589883100355	0.037476080242654225	0.04572814803335386
LEPROTL1	na	0.05716343116335145	0.007441960092054857	0.06639458754535248	0.07805447403133546	0.05558520673651953	0.04585558658371083	0.045459528091573505
PRKDC	na	0.0453820147285624	0.009142300317495565	0.1009480896248385	0.11913012777750043	0.07769981463538524	0.03822987409727871	0.06601167855606042
SNAI2	na	0.060436926316319674	0.04133762902091884	0.09468017494605342	0.02079381304499516	0.04765170214003149	0.013696036866563571	0.025995048400134262
CSPP1	na	0.06470365540188795	0.013668973247779357	0.027980919481098054	0.0872570574331459	0.04538451321351593	0.027856043336934786	0.04448817127557483
TERF1	na	0.04412517018831963	0.0342692987309687	0.0658051423992954	0.04160623240907024	0.048881155902321366	0.0408700193781985	0.04209289407095631
ZFHX4	na	0.0	0.0	0.0	0.0	0.0	0.0	0.0
PABPC1	na	0.3306275871556119	0.6786745770565756	0.3122455149348507	0.2230772295032379	0.3020442394436576	0.6466386518611836	0.7182949971034809
TRPS1	na	0.04845621196626873	0.022819658448062035	0.07641457384032924	0.07986390044283935	0.057452216703202476	0.04417569895579927	0.0605978652502089
KHDRBS3	na	0.03391415756553331	6.248818512626451e-15	0.07477727421671873	0.07386019111689393	0.04406529468099252	0.05526982425472201	0.03144977443788235
MROH1	na	0.03632477145129611	0.024546080907971203	0.07559019087374691	0.07666073855268386	0.051329351389744926	0.025266629696112125	0.04612085740876873
CYHR1	na	0.04343356054438081	0.03342984785443986	0.08366985360796743	0.08279594125755545	0.061066996339653776	0.01989923599535935	0.04923846651567784
RECQL4	na	0.05390493068465959	0.06065761204888827	0.07508640840411746	0.0464131424592917	0.05376492328527265	0.007087432790305423	0.02002887162873049
CBWD1	na	0.057639577884630394	0.025176440689405652	0.058007638901252496	0.07216880325243505	0.04287098853565965	0.0304365250535014	0.046179039819338866
PUM3	na	0.023238693486582054	0.013140577057247976	0.05188029079855808	0.07170933039880939	0.04829529989450547	0.02911994983564769	0.05238873052957424
MLLT3	na	0.023775792844366282	0.021501868287272113	0.046652339958729444	0.07332215241683872	0.05502005685478642	0.012258850562857852	0.0563993276989154
VCP	na	0.0976335290057882	0.021493933921124895	0.20009365913819185	0.2155402557546127	0.12843890219169726	0.06943920721805691	0.1313391450139726
UNC13B	na	0.06124084205529735	0.0214655678397837	0.06358366335598829	0.06895860200368811	0.056023477277129724	0.027528026564075672	0.03073193501906597
CBWD5	na	0.04019239786570249	0.014448562633909789	0.06700742880862114	0.07438426840934449	0.05298344791914529	0.035573223668151834	0.03823841977791976
TJP2	na	0.04704327436620056	0.03803877883041594	0.07240159615131372	0.057117414713487	0.053077434956391153	0.014414897372957187	0.017825805963303853
VPS13A	na	0.07007207408633401	0.004961179750417877	0.05740604283999672	0.06878165980288284	0.044561213526874734	0.04490232718445332	0.030022968419478942
FBP1	na	0.06859928057984557	0.033376096755450224	0.07920743423626492	0.10185089234832091	0.06625839163211866	0.0632940600388929	0.0577266088904666
STX17	na	0.051834969671585525	0.04656714100293676	0.10916161938822512	6.907840853486015e-12	0.0568585684811625	0.033620797496539526	0.009569665117901988
NDUFA8	na	0.06787984195772033	0.07338372492220654	0.08781552003932569	0.09514760943455339	0.06939729592728665	0.0798668417679889	0.0988809471282685
STRBP	na	0.05419820975514765	0.031706261452519216	0.07553467448180136	0.08202760952690766	0.05696448636456142	0.03997677912783352	0.04114016909566643
ARPC5L	na	0.06207245688554922	0.05506712623564542	0.08941652918488817	0.12597727415748397	0.07557184327841845	0.0692657558754139	0.0755723857538433
ZNF79	na	0.1253145222886154	0.002586118168813274	0.06558592197632881	0.029557121326951936	0.057179398134882126	0.06759261702312071	0.013394995758108645
LRSAM1	na	0.022892686317980776	0.01722585348078637	0.055980596388334976	0.07172820317263184	0.05787149881884397	0.022681289259822678	0.03643881119024665
CIZ1	na	0.04406236392311604	0.012492411023234834	0.07020879443626188	0.08624896872733526	0.06031778171583539	0.030828596236140808	0.040542542334025315
ODF2	na	0.030916704124311502	0.03718106959492631	0.06908997434568885	0.11551505757912865	0.06996572272298335	1.066206127256745e-12	0.04141762526015439
ASS1	na	0.10489712573081514	0.14101125872384412	0.12940768154108587	0.19165702931280726	0.12815218441485865	0.17131159738031565	0.16301095277936978
GTF3C5	na	0.04444563069827977	0.030201825858750458	0.07018061985468729	0.09068761678475898	0.06281873237170375	0.029159688189999627	0.04401848679227212
CEL	na	0.0900541017715535	0.08339395216453843	0.01118332119229288	0.09502316714563647	0.038226423889301184	0.0034307784733200257	0.14960390617203453
REXO4	na	0.04740765371362966	0.01830102069669071	0.06427361834338438	0.07690180858601939	0.05320235896094918	0.028791558118266024	0.03283978309363082
ADAMTS13	na	0.1770538311635975	0.05201135285640074	0.027160047594098267	0.11094803730580183	0.048435944344167266	2.3386086123474735e-13	1.0299903542099285e-11
RABL6	na	0.08388678928269626	0.01714795775375337	0.12015125297028365	0.1549079839265077	0.09126729656171652	0.055857113740936916	0.08182831481221008
DPP7	na	0.059740729776241626	0.016467834224900803	0.09408469069047945	0.1121797093763537	0.07708935651543782	0.03786895720145629	0.055625858173426114
GRIN1	na	0.026064176231854676	0.03830758280951401	0.037127755324699065	0.08023876051009825	0.04543117554711611	0.013163896097757184	0.048511221695942845
SIGIRR	na	0.05881057467076718	0.022423941392322788	0.09750186943728599	0.10874290071163689	0.07241317216994851	0.04376540594538518	0.07589346366814886
DRD4	na	0.15219136198550678	2.819827649745027e-13	0.07980789104952588	2.4288750838859382e-32	0.041660032708475965	0.07404747552526399	0.7986732238801554
RPLP2	na	0.8819891993426637	1.660177972171185	0.5481605666607741	0.5963362051993223	0.68500439827867	1.3480736236751398	1.6550854322599333
TSSC4	na	0.060773886411860094	0.02879334942231773	0.06820957951350118	0.07209459605957849	0.057351168666513214	0.02603097041193653	0.03232579826341722
TRIM5	na	0.039080762600290066	0.03074092362311264	0.037874803981173426	0.07257133428514176	0.048746493425306486	0.010654384269457102	0.05284484785645012
TIMM10B	na	0.015579675308887597	0.03671749896910814	0.058836011284084916	0.06045234600429085	0.04452233272670329	0.02379943817389757	0.06277418878435524
ARL14EP	na	0.04671889364248605	0.042099312639756956	0.06750217871080942	0.039766046677641345	0.05508528323057016	0.023265640633529976	0.03938962976023516
TCP11L1	na	9.61150302789536e-37	0.024657539777680527	0.00745128201230079	0.11781986043730848	0.05214954736445303	2.6871961788103937e-20	0.051115324056387676
FAM111B	na	0.011492796392694064	0.05630072250993169	0.07785090275852745	0.04256967544945952	0.041068426038507445	0.018305658970806837	0.05461539463171414
UQCC3	na	0.08056392644317889	0.046346975510185996	0.08265985666598731	0.11557276083607705	0.07697511538939524	0.05323857054865142	0.08451335470099713
STX5	na	0.03773754170572776	0.011945521467941877	0.06034054432654615	0.09175275782694768	0.059722717647804395	0.019276113682354455	0.04370366750305083
ARL2	na	0.060016019885195934	0.03716505330710285	0.05861266275035845	0.053212383607667994	0.047124750985993606	0.03870651868841245	0.03741957402053246
SIPA1	na	0.0404610034798941	0.015218589021327533	0.074327942318816	0.060743292589292674	0.05382118276371725	0.05521057476854755	0.055357720402578886
RBM4	na	0.029321996261630418	0.01958224446584056	0.06952446960570106	0.05369443414110089	0.05684489604689023	0.03785605625463907	0.04897188146991863
PPFIA1	na	0.06639937036944349	0.02185165166271639	0.07681822350085465	0.06114366496397106	0.05243965770063192	0.03830606314947508	0.03535678498671835
PAK1	na	0.03038210583757503	0.006078600466795304	0.09117896678747088	0.0804111876294405	0.059351972604708494	0.03440810882039244	0.04526583951282611
CADM1	na	0.006289642012149403	0.061595604764015766	0.06910388243587327	0.04796108817262218	0.049822367491041485	0.018879851255840525	0.04145039805322002
CEP164	na	0.05085131262118615	0.07832146052874862	0.1031634851810336	0.016059294440747027	0.053990302780657494	0.007171626409380471	0.01664430705700616
TMPRSS13	na	0.06820176721580407	0.029609589388722737	0.03275146790774431	0.09672419955017	0.04934841427442116	0.0026273672206757505	0.025705676643248073
FAM208B	na	0.026609874889512577	0.02637819384775965	0.062480115329203646	0.07680079330129057	0.051542595182735684	0.018588526446293534	0.050049783518107877
STAM	na	0.08294003591366451	0.024339567765339656	0.04428564812481096	0.07554798586628007	0.046760770012797374	0.01799248431761992	0.040734649503639205
MSRB2	na	0.054951091974734745	0.057254431393036535	0.07483049562538693	0.08406510204515194	0.05904481226031556	0.060564281878373157	0.058824341438540005
LYZL2	na	0.0	0.0	0.0	0.0	0.0	0.0	0.0
ZEB1	na	0.022149970225377586	0.019929150418422952	0.09190384818448177	0.02463866048835141	0.057772222652193034	0.05459159172914281	0.02297900028666716
EPC1	na	0.04899556707977351	0.041126919242291934	0.04239063924965711	0.08245869763736023	0.054461915989041626	0.00031819271969749823	0.04766460249094385
PARD3	na	0.07357087422726567	0.02567159759441397	0.06471675401662054	0.07540530325580526	0.05190706013675819	0.034495746287857065	0.028124917094109716
AGAP9	na	0.10287184710152456	0.021868292701891334	0.07407553384974672	0.035311660907927346	0.06613605682505028	0.028384236764095242	1.3250121944087695e-18
ANK3	na	0.045148110492710454	0.024038667823258867	0.040075131752684276	0.06579936072279871	0.050682167213410935	0.03193746487138201	0.05675605258070066
ARID5B	na	0.025088498826007236	0.019811002669309286	0.06208667574362714	0.06936557398088239	0.057184636431133605	0.030171159192229357	0.0508267969474611
DNAJC12	na	0.06177887560886579	0.053539596583227524	0.07633354203377192	0.06930218828115205	0.06406217566799936	0.05990946165835169	0.07063172746175725
DDX50	na	0.04385675990269754	0.012726700009672891	0.05934974476955119	0.05671187182194877	0.04465174282091347	0.05242495625404617	0.05216515342006768
FAM149B1	na	0.05209965473278793	0.00993604048379213	0.04935226742342412	0.055315572717028055	0.052505453194551424	0.039597499578952505	0.036912585538461155
DNAJC9	na	0.04305491418023428	0.03806526736959766	0.0626776784044666	0.06304411883045077	0.052100834356713026	0.03169313998938422	0.04984453711865089
FUT11	na	0.036237870472332574	0.06522285600875923	0.09608125050290299	0.0307776279643795	0.04447866668047508	0.005428950797138289	0.04336125253382264
KAT6B	na	0.05699476388540503	0.038448139854591466	0.07158161866986947	0.0500782225073569	0.04749612341944688	0.025819546757902344	0.0284666143060676
COMTD1	na	0.06801669413547502	0.021973698185172755	0.07348092400165808	0.08480748503012618	0.052635561558960584	0.03598521821346539	0.04842425609551371
KCNMA1	na	0.02263480061368413	0.019854548530232406	0.07084409965104012	0.07984390146261644	0.05404763286246641	0.024592167504635207	0.05277296008194799
ANXA11	na	0.0477425724819603	0.034041644057375885	0.0840374043816633	0.08061206847189033	0.055914917884699954	0.03673527383038499	0.049263865473922974
TM9SF3	na	0.06829415323757965	0.006771713783868654	0.09728651863425694	0.13035152527048335	0.07782664846894101	0.045338393106121054	0.06368242935670236
HPS1	na	0.06439231900824355	0.02536840990373868	0.07266704017860652	0.049450436522737326	0.04992433166370909	0.03589753360577786	0.02935803692550832
BTRC	na	0.03802419677449268	0.03609589940023421	0.06666280919848434	0.05568893549948015	0.04648344773083026	0.035265186258110724	0.03057431267262655
DPCD	na	0.033417059752805706	0.03984825449222939	0.05989251192921254	0.06963220329445352	0.05108162917602267	0.02828578721925624	0.056428278327670216
POLL	na	0.01342633375606252	0.05752585870446796	0.09272192798976811	0.03607014355233008	0.05134250941392867	0.019358346022686355	0.02543597558472268
HPS6	na	0.06642644463773058	0.018881334475694726	0.06640853951979779	0.03749638945237742	0.05090242220613336	0.06355713909773485	0.015296841187203985
NOLC1	na	0.05381242523435904	0.030441317577909015	0.06837951516447555	0.0742280305754604	0.05391409649899974	0.0616600476779907	0.04554624986168136
NFKB2	na	0.023188045351264102	0.010451769181272216	0.06915447317433533	0.05697925204870858	0.04769204725404026	0.03514142433749805	0.030641483109152743
TCF7L2	na	0.045862920208200354	0.03153350282861562	0.05908884382562001	0.0700487857320685	0.046097506976645275	0.02448419061916705	0.04019850449260482
SHTN1	na	0.052459634709625315	0.024603146250614907	0.06758063031036896	0.0869012118474138	0.061317193938130926	0.028317767410229	0.044014479543630664
RGS10	na	0.07315460726523065	0.030770540853752026	0.06221450486065378	0.0913962223658208	0.05906781563359817	0.06349498591150138	0.07784325376583201
BUB3	na	0.059775745437284304	0.04833515136837386	0.07416127654439922	0.09011277164467428	0.06023660888606278	0.04640278867386523	0.05439201306510374
ZRANB1	na	0.04452884917606224	0.030135289002892363	0.05090610412509201	0.08381745810356729	0.05187078274517881	0.014857184218692058	0.030577569389264377
CTBP2	na	0.04937233470336098	0.0372948649254102	0.07580042664857888	0.09443407621216206	0.06604266223190483	0.047447292855756065	0.07256269236847346
MKI67	na	0.0679396133164706	0.04000398747742063	0.06208394668257281	0.07743118413822306	0.06353350656581633	0.011073926933990024	0.02800829068457498
ECHS1	na	0.05688777609084478	0.047934276466259404	0.09869006037699084	0.10496135183932083	0.07641759507618198	0.06637543144836569	0.09020219945387783
RAD51AP1	na	0.06524940175226562	0.021594138787067396	0.05283959216558556	0.07322941407249102	0.0481498303479358	0.023698487719090246	0.02676697226467403
ENO2	na	0.10354764972265981	0.0563096411225753	0.11042415022993472	4.7118609099736274e-17	0.05171089477704852	0.024163337962843194	1.3468312657230735e-20
PRH1	na	5.753406102052808e-16	0.8877171813589272	2.5740198790625153e-15	0.0865348668424662	0.02625836467358358	0.0842888871064444	0.011825326125497228
FAR2	na	0.0810622369975971	0.052135320848947855	0.08631955735085445	0.02912973559055554	0.053027788229842186	0.03821928245836568	0.010880194598559231
KIAA1551	na	0.05862182625013193	0.04188656475214944	0.07245095447991012	0.0487737487368465	0.04605066656059148	0.03319163290667933	0.018942685208736022
KRT18	na	0.25301205728443954	0.4062755267156386	0.2376351890316518	0.19021658478457668	0.22961739752676572	0.4508972430501845	0.5174363739179003
XPOT	na	0.0314029819449674	0.040306704380499665	0.07944978339253167	0.06275566640900711	0.05304497577485969	0.03273509520066608	0.05132736108491256
VEZT	na	0.049673400085687845	0.02155106852246558	0.06731432220194027	0.07116751212918025	0.05877750558655665	0.034458133962760575	0.03619000223277121
METAP2	na	0.04910923248587457	0.022386387932776405	0.06662925904885099	0.09041244735647899	0.05680861205263856	0.043895374482892734	0.06481925110943088
VSIG10	na	0.03915283821488907	0.03582144905869203	0.06264870486001375	0.08882998198595471	0.06037616997193283	0.004304392870854908	0.04613659778985928
RPLP0	na	0.4985181985744452	0.7075190649478548	0.5002801131971322	0.575234187021173	0.45591018533771854	0.6077170214042434	0.9119808784559482
MLEC	na	0.06138949131287446	3.574067934189076e-22	0.11509527406072668	0.16642846622255966	0.09253772655767549	8.485778125111242e-12	0.0399943261305103
PSMD9	na	0.05139324241737785	0.027567986338758226	0.06535769466292053	0.07432288708643331	0.06030929799110923	0.03657461536463099	0.04829613978602794
ARL6IP4	na	0.09173100905446141	0.04848025408844781	0.11185386122503344	0.11985273833320224	0.08730899620335192	0.06725224816951444	0.1020609901559235
POLE	na	0.05305856447491773	0.01960079438185913	0.07255072013838476	0.07609008292845841	0.05927107403601486	0.038965667916815876	0.03831706529818935
ZC3H13	na	0.03232562352767837	0.025046698544655435	0.06792611884742812	0.059411896315126396	0.049167412443075244	0.03408085721575869	0.03915862216433432
MZT1	na	0.07043468239420303	0.025103427107958556	0.07833735149085397	0.08101455007836772	0.062117921199255396	0.04374335103930058	0.039055965597471175
ABCC4	na	0.047854637453318506	0.05772203228367052	0.03949883251239166	0.07259539881542426	0.05296825768366757	0.01295968774472078	0.044393417279550894
ERCC5	na	0.039849355443474274	0.10980743474015	0.03350674547809823	0.09329168033278391	0.046941129918160046	0.02270914559190908	0.026295619976964443
ABHD13	na	0.0477814021338491	0.04250993944531757	0.07202705342981516	0.05624046907297945	0.054847078779737386	0.02190414383382094	0.035388244930994996
ACIN1	na	0.04293233129191261	0.027166377087374564	0.07693587351133511	0.07245695628312708	0.05727436092461324	0.04003898153394412	0.050949614510618205
PABPN1	na	0.05588409304668325	0.026179021769044075	0.08599812741401285	0.07164787483990712	0.06478006638974387	0.023102580805205355	0.027313682996909373
THTPA	na	0.056829629528972865	0.05264682056449354	0.03882673828205928	0.07472155075561317	0.05097139652280099	1.5372184761860733e-17	0.03147358949927912
AP1G2	na	0.06155649863719197	0.01314557971393219	0.0811593237913593	0.08936142163187619	0.06383391267258569	0.026996511067842024	0.02952251114235119
RIPK3	na	0.0	0.0	0.0	0.0	0.0	0.0	0.0
POLE2	na	0.08015344113072745	0.03223529528313393	0.06798544696112568	0.030568843505855224	0.04839255770576856	0.024789558512748548	0.027652165195734896
ARID4A	na	0.021166202567147865	0.020278848032877557	0.05550924105360955	0.0668944759344059	0.04698944752783017	0.013880237678125504	0.06455070732909093
ZBTB1	na	0.07667853237894777	0.01744537200860202	0.04192588981713555	0.06749576302141769	0.04960972681516821	0.036081447235361545	0.022032445044183932
IRF2BPL	na	0.016913501577421806	0.031006117979496213	0.06839298662669092	0.06045378613169747	0.05675580654752477	0.026623333940753256	0.04069274673988244
TRIP11	na	0.04037822411779126	0.019272608585536123	0.04138849147468261	0.07871775742966351	0.05454752127353234	0.018950751586533112	0.045443749042980805
BTBD7	na	0.02711865439126636	0.0280887331531732	0.06132175869598434	0.058595189192197916	0.05946399355000042	0.026922218650261367	0.039066802773330724
YY1	na	0.03703024172357388	0.033936306242429166	0.061839105835637655	0.09123830549999423	0.061038800244650596	0.034481608351090744	0.0604374534296743
HSP90AA1	na	0.28188654979799393	0.42820968893136385	0.32467273562301857	0.3974462605548489	0.3012143845899887	0.5109914336417284	0.5000234954887003
TECPR2	na	4.944669989405189e-22	0.056071860947387295	0.07320763243696204	0.04689039746369796	0.04709340080596524	0.006615362722580737	0.09559384297918933
CDC42BPB	na	0.04758295087551453	0.012425261862081077	0.07398071044230412	0.0802690303942771	0.061351146336871665	0.03198489822263699	0.03903467995745549
EMC7	na	0.048748933465024374	0.023599852010067323	0.06089234847300587	0.07114435478944256	0.047619966299623825	0.031323979647436995	0.05063761929602279
SPINT1	na	0.08742803481171621	0.02406615236758921	0.11851240254605168	0.1346694261422751	0.0849515189355523	0.04067577472120062	0.05539157820557673
SERF2	na	1.226167572374896	2.0711049887675896	1.0828348046385379	0.5335464532552554	0.9235219939144678	1.4310232330050705	2.4346397322917324
PATL2	na	0.0	0.0	0.0	0.0	0.0	0.0	0.0
GALK2	na	0.07030844179716537	0.03383565417429574	0.051360451956001266	0.07508067623544626	0.04928941283230009	0.013434210151147999	0.03049570435738149
FAM227B	na	0.0	0.0	0.0	0.0	0.0	0.0	0.0
TEX9	na	0.013031735291324849	0.03685110665831527	0.05101424590288557	0.05670049868442252	0.04540726454285219	0.025104140004471327	0.06479447924313791
MNS1	na	0.07770385817778229	0.058179479752767826	0.0840424589377185	0.04340514024792307	0.0470374380594487	2.535501194884818e-13	0.043596773624683935
CGNL1	na	0.03885608359012885	0.040893457302193084	0.06063273127073254	0.05906397027435427	0.05318639908855422	0.012964047486060884	0.03432966960265267
MTFMT	na	0.06797226280107341	0.05407814690783652	0.08798028548099411	0.02854894145755423	0.04822613724330625	0.03014948142792826	0.012773972830307892
PML	na	0.028864300063254158	0.0346432577347324	0.06852336767358126	0.05551237889712635	0.0550508554098786	0.024416807728831834	0.04608231915751234
SRRM2	na	0.09470214986967487	1.5973013381096091e-25	0.21202909000418985	0.23463326144600866	0.13111522524147454	4.555895133059702e-23	0.050012679496423525
PLA2G10	na	0.004890794741232197	0.25886599770519075	0.08575554921491961	0.024210491511571296	0.04299126059839899	2.3630770098951654e-15	7.336171781739913e-24
NPIPA3	na	0.0	0.0	0.0	0.0	0.0	0.0	0.0
NPIPA1	na	0.040172303423579796	0.02967849887380377	0.06603776227520614	0.07284136419888129	0.05856631043957818	0.02622953073023384	0.03216027708986041
UBFD1	na	0.019703192313046267	0.03582047823029329	0.06261795291575079	0.07804223140480103	0.06188405907119913	0.020683550825120956	0.052896194616904646
TNRC6A	na	0.047069104333477996	0.03705535876524259	0.08895150113553646	0.043870808590841914	0.05278265524106119	0.028760576842970346	0.02048141051690421
RABEP2	na	0.034817623617592136	0.024630076231492496	0.0477008289355513	0.08618877915750593	0.062006851710213744	0.010104473447167769	0.04810905580924275
NFATC2IP	na	0.06452372301365823	0.025447251163376584	0.0536955535407764	0.06569757923501723	0.05093878324163995	0.024566785810930573	0.029223344841298866
SPNS1	na	0.031280797799817635	0.01768395254302606	0.07938377319952772	0.053077602471841845	0.056052378604513245	0.039886097004877885	0.02915445557181322
SULT1A3	na	0.2098183534386732	0.07105228435969464	0.04044882750934491	0.07983048423734612	0.04949363398782538	1.5171798914099318e-24	1.9317745190473718e-18
ZNF768	na	0.046356659410174327	0.009304498848638558	0.06901283352768794	0.07898719542895521	0.05838949604498511	0.03197377353955719	0.03740775277640337
SRCAP	na	0.13855669996321734	0.0700328963426507	0.05701923150538606	0.038621459864150325	0.050908916397692974	1.5410683722462664e-16	1.550963648536927e-25
CCDC113	na	3.740393545868214e-12	0.026052045195246492	0.04405410060537225	0.051318374644600005	0.054091577949284264	0.038981066498691805	0.0584730042843675
NAE1	na	0.05644961855519697	0.03326805892272511	0.0689163503507577	0.0591905506982606	0.05045070267557241	0.047937997038412145	0.05385269465665873
NOL3	na	0.028571939686793828	0.017473085776789014	0.05437143782210596	0.09791130259144111	0.05628890096206359	0.019889158382112204	0.06315067348898144
EDC4	na	0.1700836083569967	0.15768753827750492	5.607474905814285e-13	0.07744208555020732	0.06178962355989135	7.625845851104049e-20	0.009073308266296098
NQO1	na	0.1082415235045531	0.10541737954279394	0.15840353684164118	0.14587199971639214	0.1174649051812713	0.08888876252425428	0.19099309204702133
NOB1	na	0.03870843383313931	0.03399209983096194	0.06959801887475474	0.055716007065504954	0.050316167256173265	0.03905183265756752	0.047031009592613665
AARS	na	0.054370664257450796	0.030284353467163794	0.09603871305665457	0.10126048365930797	0.06758739395538757	0.02048586546498024	0.06038570538439357
ATP2C2	na	0.05215275988735117	0.019865262202956528	0.06722693090264537	0.0848260189459666	0.061419050360083285	0.01665919653473765	0.032381408816512004
KIAA0513	na	0.06977378071772476	0.0331930822921915	0.05905126559958545	0.0604276821933761	0.04913202898034822	0.01773750134278326	0.028154714786397635
GSE1	na	0.0761408160931162	0.011037377970501616	0.12028455151484166	0.1772617578822457	0.09897850479210693	0.04586037983740965	0.089497414613464
DBNDD1	na	0.052750781170723744	0.020458149947435146	0.062287998247351255	0.09094937066453981	0.06226407424038838	0.03665664381270818	0.054944506889112336
GAS8	na	0.04672120994593062	0.002293284241544984	0.09511610622795923	0.13395153762888168	0.0829023054505776	0.014816490208588213	0.046391166907990306
NXN	na	0.028261799975955	0.02648438157014794	0.07560162558273915	0.08033437080743283	0.062135831017629026	0.01631120329939232	0.03870991978706704
MYO1C	na	0.06419780881223461	0.032178304999310965	0.08339187901644828	0.09769339784188463	0.06521778800969705	0.06800496453209298	0.07225193805961298
ZZEF1	na	0.0712691583624587	0.02316497531688004	0.06903404669909342	0.0519436177266586	0.05129309265787515	0.04085942482597245	0.025450002764329238
CYB5D2	na	0.03614128521151874	0.032808907522859726	0.05419505545851935	0.07360356429428451	0.04723779957276616	9.94613072109995e-14	0.04741925291699411
ANKFY1	na	0.06423274809038151	0.033216750129003866	0.06206785454714935	0.05174833003298433	0.05210702401903901	0.028616057383040214	0.016001039195884966
PELP1	na	0.050024829579160254	0.01177022805147707	0.05415422922942874	0.0804593425424561	0.057015959089977024	0.02623712549622385	0.03467704379468403
KIF1C	na	0.04467329647736847	0.03432423999408184	0.0650660403893086	0.09417323072985521	0.05792898173256392	0.011117023268785053	0.05384327836768509
NAA38	na	0.06848473810319465	0.0989803241089425	0.08233265697471338	0.09325615276485029	0.06976919561037681	0.0824789205480432	0.10354834525647656
CHD3	na	0.06502039980955894	0.02032271397773991	0.07309706640523403	0.08094495680637262	0.06503372157406051	0.02802619271295752	0.026537680759042226
MYH10	na	0.027347270289997918	0.025628246624869722	0.059451955387325554	0.06875146289107016	0.04965977627073972	0.027369921910216095	0.04373952513044257
SUPT6H	na	0.0784191215306439	0.014023981035858907	0.10953197200330456	0.1406982854943293	0.08470500991826731	0.0370956457940891	0.06604385601912861
MYO18A	na	0.20539226261171317	0.15192405006436488	0.09565571038508931	7.57682915688764e-10	0.04072558029073343	1.2535061744739307e-30	2.3509771990055735e-19
NUFIP2	na	0.10894734855023548	0.0435178686507178	0.15165466838071928	0.1816221699537359	0.11481883028805877	0.09224210256371525	0.1286392601685871
NF1	na	0.041962853265753754	0.03459445736508834	0.08632580780570308	0.08664254334521933	0.061317926549952086	0.03758904894073296	0.05825197418952345
AP2B1	na	0.18359401664077682	0.07435851906753105	0.28616271609873317	0.30503032747736464	0.19960283074629614	0.1502282197364849	0.23101003335937656
TAF15	na	0.028657459250031107	0.009672791502188412	0.056321110861651064	0.06619934975547405	0.05468362247379231	0.026005644586092197	0.04960643493032852
AATF	na	0.11324736022728714	0.06871247036317954	0.18071761477781045	0.1544374823064519	0.1183454865472008	0.11260491083892074	0.15445683943643776
ERBB2	na	1.5009873432939362	0.11477254160491371	2.8841089962330146	2.9934834364365304	1.7864798004733695	0.3482840416734243	1.8383655910929306
MIEN1	na	0.4801734729081504	0.5433189210721688	0.4966796200062105	0.4794689102574157	0.39604801528366124	0.41916907250002505	0.705733977949046
CDC6	na	0.06814391874724933	0.0364049016404801	0.05893195179840229	0.08948958656173392	0.055851584977702456	0.013938716731480815	0.038648816875456446
NBR1	na	0.05168412605420374	0.01784348061652424	0.052048542775089385	0.07352969069343557	0.0569331398141877	0.022035417491559704	0.03802764944110038
GJC1	na	7.349997703091463e-24	0.048942793865551545	0.06326873672246361	0.0622780925086071	0.04226282472068015	0.014903337374728747	0.05419751772944597
COL1A1	na	0.33079904267474386	0.3541302229288071	0.3671438094362301	0.31007941898205227	0.29695746314325794	0.3702462374925663	0.45506258979256325
MRPL27	na	0.35721870984502063	0.3963729107396478	0.43706039671696195	0.40607151294379545	0.3327649478489545	0.33123348884264997	0.5256264528938172
RSAD1	na	0.0541317190427522	0.016752903879092212	0.0934140943569359	0.11615788769213188	0.07638464008392384	0.03707842111044956	0.053146038964965545
ANKRD40	na	0.11012829577620943	0.026150610953398414	0.16673553652753714	0.18052389553291226	0.11738541198097716	0.06630415009162345	0.14603821770287415
LUC7L3	na	0.16336730851217734	0.02116152810588404	0.334449946905224	0.3311376852322084	0.2049074904992072	0.05975852083119972	0.17237533736967217
NACA2	na	0.0	0.0	0.0	0.0	0.0	0.0	0.0
TEX2	na	0.03870144501833701	0.056440179745560475	0.07855557825965741	0.09341378466531633	0.06367026498509881	0.0535405889227272	0.08223465664126732
DDX5	na	0.30918026121840253	0.2956468415280864	0.5016124787828924	0.43296249823889277	0.35112881981829275	0.26987242837224146	0.5276122239798656
FAM104A	na	0.04431539377338798	0.024382998695558596	0.06100768183336726	0.06265355607429601	0.05015384603887912	0.03265836690994629	0.03192025593346799
C17orf80	na	0.022665274030066976	0.02988475558768395	0.08535966482127674	0.01953673085441349	0.04711810305657851	0.07310885840384138	0.03988204127223932
MRPS7	na	0.04724912736815417	0.04339163089069701	0.07817055905906992	0.09271610796732466	0.06651768606742672	0.02380841628006656	0.05858303399160145
MRPL38	na	0.0177667103881542	0.03285727088726207	0.0707465604922328	0.047160345053789826	0.055606989913262156	0.020141749498151496	0.03490824468011804
SRP68	na	0.025307305364269866	0.018536705179188463	0.07486697943978746	0.07225978926134588	0.05338958288866033	0.04456678744106801	0.04942389970118182
TIMP2	na	0.06485332133498421	0.04620146819328362	0.10674873870440918	0.09959043043062178	0.0765403537189392	0.0744431923609273	0.09599809154068949
GAA	na	0.02065256878476697	0.031428295851697485	0.05998048969405061	0.08226007317995573	0.054724887823937834	0.029761134897571	0.06132708211156658
CARD14	na	0.01723391462813335	0.015053608614849329	0.06283326538413543	0.0659912743457632	0.0536261671958597	0.030649268092038665	0.05373909925595613
SLC16A3	na	0.06633225872463354	4.5667885524273996e-20	0.07881743671749163	0.10027418076108739	0.07205366585001671	0.02463031132346056	0.036214102096186224
NDUFV2	na	0.08639538294080264	0.1300834683219504	0.10287835686378817	0.11763964497932738	0.09688920759633372	0.1376604891445409	0.18233355413479993
ANKRD12	na	0.07302152484820894	0.030152047970865126	0.06834676957464378	0.056010085821344126	0.04355296086439265	0.042388392895916	0.04712133289493582
TUBB6	na	0.016727240662128075	0.033805221529235256	0.0512606710692046	0.06152891406150859	0.0482338064849836	0.03966241457390766	0.06319283425873447
SEH1L	na	0.07464118046402475	0.014802787632135736	0.04730892079421892	0.07873500904789076	0.053647453776921504	0.022389486174383248	0.03530808025981024
ESCO1	na	0.02164177978425619	0.05496197853744284	0.10614918254806338	0.024543452050805936	0.04549233196057906	0.022546730037604167	0.030449710447106454
OSBPL1A	na	0.02926340739036053	0.029964843969189293	0.06052597038486599	0.05362804424305528	0.050469418035156005	0.03036398891587969	0.032927057934398526
GALNT1	na	0.039961882289442516	0.03814088375798971	0.08779049523270947	0.07988228049420998	0.06046664918237835	0.03253451965115677	0.05756849481224876
SOX12	na	0.05288241497255687	0.02405320508548393	0.049300478448156514	0.11180901274833945	0.07151523605517647	1.5143304080341164e-14	0.03296104414961585
MCM8	na	0.11021306515496346	0.0358361368790958	0.046886533139774304	0.0627846506038978	0.05610176179689501	0.05908359310439652	1.5598984033620353e-14
PLCB1	na	0.03760388203815922	0.06561007314555535	0.084826290759861	0.020201872104763378	0.05750362655049548	0.0253011834036242	0.005078877436641114
KIF16B	na	0.02764499754521983	0.06493723224170193	0.09870659302513898	0.01169262677872185	0.05311650007916257	0.06116985356317687	0.03553335608181062
CD93	na	0.03838719575988738	0.03264650450182051	0.0550922132920062	0.06515732749322806	0.04726114317890257	0.06329992560715322	0.09005837159345972
GZF1	na	0.050311621748233996	0.025930380786462336	0.06238529526301591	0.05298185569447913	0.049962697947227346	0.029698242058633105	0.04050527867245831
KIF3B	na	0.05991088128795011	0.019802575135926086	0.06492761787187568	0.07335809374872336	0.05569735242686262	0.025449049892247964	0.04046039707027563
ZMYND8	na	0.05846377042389549	0.04412761996851488	0.1118285587450971	0.11899718881376903	0.08284273905090386	0.057073620506735125	0.06348425212941484
NCOA3	na	0.07779979557894545	0.04620718866083123	0.07256897789597135	0.06664559479120898	0.05242310339228295	0.01751578496075054	0.013066120964330664
RNF114	na	0.0578161725376267	0.052694796815821045	0.08472978006559029	0.10894385672955165	0.06748411089482524	0.03823121025099851	0.06724758501334305
TPD52L2	na	0.07364097315052168	0.045925202621096534	0.11283553471607138	0.12258921869178852	0.08734539270806911	0.06127417848834389	0.09674227465904152
MYT1	na	0.08083051348965614	0.12561207704615243	6.206048687206987e-15	0.12226000066241033	0.05759399903059981	0.0013183032251418362	5.0166871636361545e-27
WDR18	na	0.04659208817937467	0.03259596751341476	0.07492111192298147	0.07960359252732661	0.061642214815946055	0.03252968345844826	0.04319193248053376
MBD3	na	0.04235436097342215	0.010873859240395387	0.08614705553524586	0.09700725472023387	0.06732499271531169	0.04004456450249044	0.04531064732832518
SF3A2	na	0.041233342078833474	0.024077676507373726	0.07390327172866201	0.08711221171321146	0.06241870751090804	0.024220839267881402	0.0509373850722934
PIAS4	na	0.05198643013989711	0.015980698112959713	0.07087843512491881	0.0998580698540615	0.062044285606326764	0.02342750333593997	0.04135690423773112
GTF2F1	na	0.05723228111558802	0.03193631400707309	0.08239912107080447	0.07807105060119442	0.056691055226135635	0.028414045201677698	0.04622747674104648
TRAPPC5	na	0.01713823988963001	0.020539204285754342	0.06686230898516352	0.05328952438822023	0.052140288294577564	0.04026939007790117	0.0520958678130456
ELAVL1	na	0.04392847113926054	0.02809014772126645	0.06869061592484842	0.08725440261122798	0.06255649953976601	0.03836885192507716	0.05854638303041455
CERS4	na	0.06849834543465762	5.534300944232259e-16	0.09534330338527285	0.15231220076720303	0.08297937081342013	0.025233014618540606	0.04392548689412743
DNM2	na	0.04691083139872895	0.02318249318465729	0.07768864223839526	0.07278027123502454	0.052183508956175774	0.043419521732209726	0.04791103511618781
DHPS	na	0.04865424163210808	0.018172218477089226	0.06144145815321496	0.08090909577461174	0.058739691715314506	0.04775705884780418	0.057773606567849384
NOTCH3	na	0.045829520152276045	0.029855634480837143	0.09190732287519611	0.09080675694081745	0.06683057026322356	0.044574812295310275	0.07425443210558902
USHBP1	na	0.0	0.0	0.0	0.0	0.0	0.0	0.0
BABAM1	na	0.05521962809008904	0.03151843999753684	0.06890278232947783	0.07782896746509875	0.05421153098700077	0.03465576311827663	0.035773390388902176
JUND	na	0.0791088787426062	0.0018847334335763712	0.16019197175633731	0.19136458556564281	0.11139812189941206	0.04226911408622515	0.11149269795157064
NDUFA13	na	0.17285274098220213	0.14336955852286404	0.23599713266927685	0.26741064304339324	0.18998664517707356	0.1619352310186168	0.2716151449466249
ZNF681	na	0.0	0.0	0.0	0.0	0.0	0.0	0.0
UBA2	na	0.041012402506610916	0.02786892426577058	0.07792964690801252	0.07128710393404217	0.05486519054259168	0.03805915737194416	0.0478190091931176
COX6B1	na	0.18852023670195578	0.28500105398015624	0.1404021532798225	0.17478890097894448	0.15622777737141832	0.23112717912076733	0.32030101252783927
ARHGAP33	na	0.05894577654537805	9.731290448408286e-19	0.011381499263634205	0.12583021781735088	0.04119932790199387	0.00731781146746729	0.0667033631172195
CAPNS1	na	0.08941940079883265	0.037355529046716636	0.1387230063551011	0.15633736283667954	0.10133589378178674	0.07972174575312577	0.11971453641108408
SPRED3	na	0.0	0.0	0.0	0.0	0.0	0.0	0.0
FAM98C	na	0.04969962892090265	0.03454541989614976	0.08240186779206535	0.03231644938858418	0.05031612072441835	0.03905808508527018	0.018838041120281545
RYR1	na	0.060711846482846256	0.05697186752272009	0.06422261261281616	0.04941781523562956	0.05345327620206548	0.026091285597119075	0.009743644116134632
ZNF428	na	0.05964842765953653	0.016077880984958822	0.08986488030035594	0.07892602734170727	0.06007500518771396	0.036854727214860585	0.034775702671425004
APOC1	na	0.18814816927961564	0.19259131043655767	0.14924045282018578	0.1963334611464361	0.161068553074223	0.3123734560725702	0.25303713287381285
CLPTM1	na	0.056220128507221474	0.030999711252820764	0.06868736817993878	0.09566541138317873	0.06161984911606053	0.025675808864576755	0.05082630597200365
CD3EAP	na	0.08005374130958756	0.029246046974488554	0.06384854718179667	0.04077928310782845	0.04923831377341977	0.017383450275337085	0.028888653397703596
ERCC1	na	0.04284720149153537	0.03652784933985104	0.06096402019333855	0.05998660558197232	0.05335013311147482	0.031897844069445236	0.04015729789936888
ZC3H4	na	0.06610604522438143	0.03143067846337052	0.06661938126153112	0.06632473333230107	0.06231727841222127	0.018411840819301594	0.01741554676039252
CCDC9	na	0.020657961211621664	0.029560087627499072	0.0535571147070408	0.0735551337880628	0.05552622258171863	0.014908637045470973	0.04928441439295126
NUCB1	na	0.05148044022112005	0.03924796470161627	0.07905460839354436	0.06990072917568665	0.0636687329184135	0.02763992767726406	0.03543584086222519
SCAF1	na	0.04784737782843976	0.007646901082435457	0.06587921293846327	0.07829221620046792	0.05932131591235714	0.0324256851186346	0.03993288911367909
MYH14	na	0.055536151768163844	0.020493564622375032	0.055173101638059406	0.05746312545341666	0.05032826902377059	0.03546926209499862	0.045851621308868724
LILRB4	na	0.043769580271548224	0.05502964554463924	0.0579065200774077	0.04694769603873877	0.040116309682870284	0.035537240466477105	0.05052439496333365
PPP6R1	na	0.03298652080030041	0.030077839241134597	0.07639112432656996	0.08585405953702333	0.05873338169540861	0.033533436934358	0.05045955939803945
IL11	na	0.0	0.0	0.0	0.0	0.0	0.0	0.0
TRMT2A	na	0.013494185210817081	0.041058722404964644	0.07529784332459546	0.03881642161541722	0.050811370208709565	0.025706241471943864	0.03059332275146439
RANBP1	na	0.07961777812866402	0.0554478123277872	0.08771001026730203	0.09424495832234522	0.07522501727669618	0.08780274723512174	0.08916606612426908
GGT1	na	0.04246524934149493	1.4795447247294076e-15	0.09381768600640537	0.13643530354913164	0.08522666153654705	0.012887283552908583	0.041498898078150076
CCDC117	na	0.02472195729692381	0.03418310013127753	0.07325803262331493	0.06020619519821079	0.052481666971363	0.03190901717613155	0.04372938060037753
MORC2	na	0.051564950351042936	0.01207470666677139	0.07736014131113891	0.07256892144447476	0.053371883769927284	0.03863379019939192	0.03553385972620455
MYH9	na	0.1353281979440744	0.0897242233346234	0.19039149645680736	0.202360886431494	0.14081477041633053	0.14509397426914492	0.21227554088252423
TST	na	0.06283969237877297	0.029666992462442535	0.07606162580793237	0.10645450275109597	0.0675094371250339	0.04676911931560592	0.027004460186933577
SH3BP1	na	2.8039452772880297e-16	0.0446471501860413	0.06218706332245397	0.043852485992912936	0.048753016155419826	0.031270253108543526	0.04896425238614639
GCAT	na	0.04884123526492829	0.02447075068652769	0.06992074944349294	0.08439752177007877	0.05903936823311287	0.02397925388045795	0.044379203469058534
MICALL1	na	0.0456624555911471	0.04599494735731969	0.0433260500938359	0.07620252750849917	0.04854949446087394	2.3873136698494876e-16	0.059636794697872385
PLA2G6	na	0.03128680859774989	0.0329504042401517	0.06336617265666343	0.09087921728184048	0.062294501120226546	0.0027768160664522834	0.03717401578813427
SREBF2	na	0.07141289651302617	0.01796544654054282	0.09765376065049045	0.114621562094923	0.07157966500402752	0.030861802190618754	0.048239706936558525
U2AF1L5	na	0.13442166227282173	0.09369731172942791	0.0877695274265114	1.3015151416623445e-17	0.03459280900837889	2.51972226457619e-12	1.264359853488777
LTN1	na	0.06943584454536757	0.009048377330308796	0.06290753427572073	0.05320949393180014	0.04476217860891022	0.049043405202361945	0.032244047320589164
GART	na	0.05651222513906368	0.03387455794877814	0.08105996597660627	0.06704739337476609	0.05795974999412164	0.015615735701716853	0.018136966655305564
SON	na	0.09358755016673038	0.05232162927974702	0.15240552613127045	0.21886474894706237	0.12773319848562428	0.10984530764902814	0.11472651764818624
TTC3	na	0.04816808801224616	0.03913863143647845	0.06037959893842582	0.10542210976121862	0.06579339387306089	0.04902437463408164	0.06444942903206016
