NAME	DESCRIPTION	1	2	3	4	5	6	7
ISG15	na	0.22234682482632162	0.4004444975496481	0.2482118999438963	0.12681313170963404	0.2119365194216885	0.41169557901794074	0.5169396345138779
DVL1	na	0.0	0.0	0.0	0.0	0.0	0.0	0.0
ATAD3B	na	0.0	0.0	0.0	0.0	0.0	0.0	0.0
RERE	na	0.0	0.0	0.0	0.0	0.0	0.0	0.0
SLC2A5	na	0.0	0.0	0.0	0.0	0.0	0.0	0.0
CLSTN1	na	0.0	0.0	0.0	0.0	0.0	0.0	0.0
EXOSC10	na	0.0	0.0	0.0	0.0	0.0	0.0	0.0
PRDM2	na	0.0	0.0	0.0	0.0	0.0	0.0	0.0
EIF4G3	na	0.0	0.0	0.0	0.0	0.0	0.0	0.0
CNKSR1	na	0.0	0.0	0.0	0.0	0.0	0.0	0.0
UBXN11	na	0.0	0.0	0.0	0.0	0.0	0.0	0.0
EIF3I	na	0.06363991678182801	0.04673027603268355	0.09343436984648441	0.0957082511652901	0.07025876391284477	0.058412096436462356	0.08070143405555258
THRAP3	na	0.0	0.0	0.0	0.0	0.0	0.0	0.0
SNIP1	na	0.0	0.0	0.0	0.0	0.0	0.0	0.0
PABPC4	na	0.10668198828325395	0.06278434027284147	0.11781666455195566	0.14219205157584114	0.09696710404816475	0.09858526798074156	0.11038984544715666
CAP1	na	0.1100154175705272	0.15405974931829153	0.14295391876127364	0.10986359306785008	0.1093730412957309	0.1410837950588369	0.20422334246404295
IPP	na	0.0	0.0	0.0	0.0	0.0	0.0	0.0
MAST2	na	0.0	0.0	0.0	0.0	0.0	0.0	0.0
PIK3R3	na	0.0	0.0	0.0	0.0	0.0	0.0	0.0
NDC1	na	0.0	0.0	0.0	0.0	0.0	0.0	0.0
JUN	na	0.07604983421023902	0.04252409087641857	0.10766586711895591	0.10007937413077933	0.08411996322414601	0.0711150212651817	0.09805177085127842
SERBP1	na	0.08501986901162162	0.07466387692666454	0.1357642026664233	0.13941898322971213	0.10186390938980389	0.08806006399230733	0.1227635759491298
BCL10	na	0.0	0.0	0.0	0.0	0.0	0.0	0.0
RBMXL1	na	0.0	0.0	0.0	0.0	0.0	0.0	0.0
GBP3	na	0.0	0.0	0.0	0.0	0.0	0.0	0.0
CCDC18	na	0.0	0.0	0.0	0.0	0.0	0.0	0.0
DPYD	na	0.0	0.0	0.0	0.0	0.0	0.0	0.0
PRPF38B	na	0.0	0.0	0.0	0.0	0.0	0.0	0.0
STXBP3	na	0.0	0.0	0.0	0.0	0.0	0.0	0.0
SLC16A4	na	0.0	0.0	0.0	0.0	0.0	0.0	0.0
DDX20	na	0.0	0.0	0.0	0.0	0.0	0.0	0.0
NGF	na	0.0	0.0	0.0	0.0	0.0	0.0	0.0
IGSF3	na	0.0	0.0	0.0	0.0	0.0	0.0	0.0
NBPF15	na	0.0	0.0	0.0	0.0	0.0	0.0	0.0
POLR3GL	na	0.0	0.0	0.0	0.0	0.0	0.0	0.0
NBPF12	na	0.0	0.0	0.0	0.0	0.0	0.0	0.0
NBPF11	na	0.0	0.0	0.0	0.0	0.0	0.0	0.0
HIST2H2AA4	na	0.0	0.0	0.0	0.0	0.0	0.0	0.0
HIST2H2BE	na	0.0	0.0	0.0	0.0	0.0	0.0	0.0
PRPF3	na	0.0	0.0	0.0	0.0	0.0	0.0	0.0
CDC42SE1	na	0.0	0.0	0.0	0.0	0.0	0.0	0.0
HAX1	na	0.0	0.0	0.0	0.0	0.0	0.0	0.0
PBXIP1	na	0.0	0.0	0.0	0.0	0.0	0.0	0.0
ADAM15	na	0.059480264483090156	0.016549856846435347	0.0951722926549546	0.1321739060235341	0.08093628473068977	0.04227142838203761	0.08259662884483467
EFNA3	na	0.0	0.0	0.0	0.0	0.0	0.0	0.0
THBS3	na	0.0	0.0	0.0	0.0	0.0	0.0	0.0
MTX1	na	0.0	0.0	0.0	0.0	0.0	0.0	0.0
SCAMP3	na	0.0	0.0	0.0	0.0	0.0	0.0	0.0
ASH1L	na	0.0	0.0	0.0	0.0	0.0	0.0	0.0
YY1AP1	na	0.0	0.0	0.0	0.0	0.0	0.0	0.0
MEX3A	na	0.0	0.0	0.0	0.0	0.0	0.0	0.0
LMNA	na	0.08345200741500036	0.055736641422304195	0.1316466497252641	0.11555815930905633	0.09442692530462736	0.055935123317351704	0.11284602962848593
PMF1	na	0.0	0.0	0.0	0.0	0.0	0.0	0.0
USP21	na	0.0	0.0	0.0	0.0	0.0	0.0	0.0
RC3H1	na	0.0	0.0	0.0	0.0	0.0	0.0	0.0
CEP350	na	0.0	0.0	0.0	0.0	0.0	0.0	0.0
TPR	na	0.0	0.0	0.0	0.0	0.0	0.0	0.0
ADIPOR1	na	0.07936814890132414	0.038993767410085575	0.09961174667223384	0.13132853681342369	0.07652692006454502	0.03822056033934298	0.08112196107500379
SRGAP2	na	0.0	0.0	0.0	0.0	0.0	0.0	0.0
INTS7	na	0.0	0.0	0.0	0.0	0.0	0.0	0.0
PPP2R5A	na	0.0	0.0	0.0	0.0	0.0	0.0	0.0
TMEM63A	na	0.0	0.0	0.0	0.0	0.0	0.0	0.0
ARV1	na	0.0	0.0	0.0	0.0	0.0	0.0	0.0
RBM34	na	0.0	0.0	0.0	0.0	0.0	0.0	0.0
ARID4B	na	0.0	0.0	0.0	0.0	0.0	0.0	0.0
KMO	na	0.0	0.0	0.0	0.0	0.0	0.0	0.0
OPN3	na	0.0	0.0	0.0	0.0	0.0	0.0	0.0
RPS7	na	0.3148094804279058	0.7099224744589452	0.11341013557998669	0.3182369423589901	0.25703580361981676	0.5770604486260081	0.5712744974963843
PPM1G	na	0.0	0.0	0.0	0.0	0.0	0.0	0.0
CEBPZOS	na	0.0	0.0	0.0	0.0	0.0	0.0	0.0
CEBPZ	na	0.0	0.0	0.0	0.0	0.0	0.0	0.0
STON1	na	0.0	0.0	0.0	0.0	0.0	0.0	0.0
SMYD5	na	0.0	0.0	0.0	0.0	0.0	0.0	0.0
CCT7	na	0.06478002264226902	0.09113820302234261	0.10910450698691763	0.11527020370231687	0.08455921308899032	0.08300294412354606	0.12342097074758894
WBP1	na	0.0	0.0	0.0	0.0	0.0	0.0	0.0
MRPL19	na	0.0	0.0	0.0	0.0	0.0	0.0	0.0
GCFC2	na	0.0	0.0	0.0	0.0	0.0	0.0	0.0
ST3GAL5	na	0.0	0.0	0.0	0.0	0.0	0.0	0.0
CHMP3	na	0.0	0.0	0.0	0.0	0.0	0.0	0.0
TBC1D8	na	0.0	0.0	0.0	0.0	0.0	0.0	0.0
CBWD2	na	0.0	0.0	0.0	0.0	0.0	0.0	0.0
SLC35F5	na	0.0	0.0	0.0	0.0	0.0	0.0	0.0
RAB3GAP1	na	0.0	0.0	0.0	0.0	0.0	0.0	0.0
FMNL2	na	0.0	0.0	0.0	0.0	0.0	0.0	0.0
BAZ2B	na	0.0	0.0	0.0	0.0	0.0	0.0	0.0
GCA	na	0.0	0.0	0.0	0.0	0.0	0.0	0.0
SP3	na	0.0	0.0	0.0	0.0	0.0	0.0	0.0
RBM45	na	0.0	0.0	0.0	0.0	0.0	0.0	0.0
ZC3H15	na	0.0	0.0	0.0	0.0	0.0	0.0	0.0
GTF3C3	na	0.0	0.0	0.0	0.0	0.0	0.0	0.0
NDUFB3	na	0.09829436413679771	0.12991352079867396	0.08922171131345057	0.09603506686525701	0.08491835602337887	0.118661170385724	0.1282132927076975
GIGYF2	na	0.0	0.0	0.0	0.0	0.0	0.0	0.0
TRAF3IP1	na	0.0	0.0	0.0	0.0	0.0	0.0	0.0
SEPT2	na	0.06595789598656557	0.07057386129655963	0.10584201465522174	0.10384859315069464	0.08099269224563463	0.055848019611372056	0.11139327041975583
FARP2	na	0.0	0.0	0.0	0.0	0.0	0.0	0.0
TATDN2	na	0.0	0.0	0.0	0.0	0.0	0.0	0.0
TMEM40	na	0.0	0.0	0.0	0.0	0.0	0.0	0.0
UBE2E1	na	0.0	0.0	0.0	0.0	0.0	0.0	0.0
NGLY1	na	0.0	0.0	0.0	0.0	0.0	0.0	0.0
DYNC1LI1	na	0.0	0.0	0.0	0.0	0.0	0.0	0.0
PDCD6IP	na	0.0	0.0	0.0	0.0	0.0	0.0	0.0
NKTR	na	0.0	0.0	0.0	0.0	0.0	0.0	0.0
ZBTB47	na	0.0	0.0	0.0	0.0	0.0	0.0	0.0
ATRIP	na	0.0	0.0	0.0	0.0	0.0	0.0	0.0
ARIH2	na	0.0	0.0	0.0	0.0	0.0	0.0	0.0
RBM6	na	0.0	0.0	0.0	0.0	0.0	0.0	0.0
HEMK1	na	0.0	0.0	0.0	0.0	0.0	0.0	0.0
FAM208A	na	0.0	0.0	0.0	0.0	0.0	0.0	0.0
APPL1	na	0.0	0.0	0.0	0.0	0.0	0.0	0.0
FOXP1	na	0.0	0.0	0.0	0.0	0.0	0.0	0.0
DCBLD2	na	0.0	0.0	0.0	0.0	0.0	0.0	0.0
NFKBIZ	na	0.07762391582095184	0.034491759267928954	0.13245019808439346	0.16686437296884551	0.0993616006210192	0.05326753927725547	0.09728459431898358
CFAP44	na	0.0	0.0	0.0	0.0	0.0	0.0	0.0
NDUFB4	na	0.2122610834463737	0.3722022130362584	0.15439831337168503	0.11723582619455762	0.1679906595412583	0.31052560057515133	0.37236496178222617
PODXL2	na	0.0	0.0	0.0	0.0	0.0	0.0	0.0
ABTB1	na	0.0	0.0	0.0	0.0	0.0	0.0	0.0
ATP2C1	na	0.0	0.0	0.0	0.0	0.0	0.0	0.0
ASTE1	na	0.0	0.0	0.0	0.0	0.0	0.0	0.0
DHX36	na	0.0	0.0	0.0	0.0	0.0	0.0	0.0
MFSD1	na	0.0	0.0	0.0	0.0	0.0	0.0	0.0
GOLIM4	na	0.0	0.0	0.0	0.0	0.0	0.0	0.0
YEATS2	na	0.0	0.0	0.0	0.0	0.0	0.0	0.0
DNAJB11	na	0.0	0.0	0.0	0.0	0.0	0.0	0.0
LPP	na	0.0	0.0	0.0	0.0	0.0	0.0	0.0
LETM1	na	0.0	0.0	0.0	0.0	0.0	0.0	0.0
C4orf48	na	0.07131006317905607	0.0626429167980529	0.11470305211469979	0.09761056793312706	0.09457026108947778	0.18654492962400682	0.11160591213105092
FAM193A	na	0.0	0.0	0.0	0.0	0.0	0.0	0.0
STK32B	na	0.0	0.0	0.0	0.0	0.0	0.0	0.0
JAKMIP1	na	0.0	0.0	0.0	0.0	0.0	0.0	0.0
WDR1	na	0.07107273639167962	0.0402345884808048	0.10694992334206589	0.1309173212888719	0.0821475532576099	0.057256955732379995	0.09100072193104805
QDPR	na	0.0	0.0	0.0	0.0	0.0	0.0	0.0
TLR1	na	0.0	0.0	0.0	0.0	0.0	0.0	0.0
FIP1L1	na	0.0	0.0	0.0	0.0	0.0	0.0	0.0
UTP3	na	0.0	0.0	0.0	0.0	0.0	0.0	0.0
CCNG2	na	0.07359520559105953	0.022765997188094654	0.11208502418221257	0.16459964909850092	0.09315115910310241	0.036200728931000896	0.06727285177785493
CXXC4	na	0.0	0.0	0.0	0.0	0.0	0.0	0.0
SEC24B	na	0.0	0.0	0.0	0.0	0.0	0.0	0.0
USP53	na	0.0	0.0	0.0	0.0	0.0	0.0	0.0
GAB1	na	0.0	0.0	0.0	0.0	0.0	0.0	0.0
SMARCA5	na	0.0	0.0	0.0	0.0	0.0	0.0	0.0
LRBA	na	0.0	0.0	0.0	0.0	0.0	0.0	0.0
RPS3A	na	0.6642550155154543	0.9059715301734926	0.494808175156889	0.4380191294594901	0.45471695189967587	0.5511197580625834	1.0386204117969449
SH3D19	na	0.0	0.0	0.0	0.0	0.0	0.0	0.0
WWC2	na	0.0	0.0	0.0	0.0	0.0	0.0	0.0
UFSP2	na	0.0	0.0	0.0	0.0	0.0	0.0	0.0
NKD2	na	0.0	0.0	0.0	0.0	0.0	0.0	0.0
CCT5	na	0.08062110511078346	0.07525022113451232	0.14247381695438266	0.16884768505609143	0.11610400099166451	0.1113255796921102	0.14980428897076503
DNAH5	na	0.0	0.0	0.0	0.0	0.0	0.0	0.0
MYO10	na	0.0	0.0	0.0	0.0	0.0	0.0	0.0
LMBRD2	na	0.0	0.0	0.0	0.0	0.0	0.0	0.0
PAIP1	na	0.06353082276020418	0.04530808417474368	0.08415832206296067	0.10762864427531964	0.07120741599914479	0.05513101206961347	0.08597799179524793
KIF2A	na	0.0	0.0	0.0	0.0	0.0	0.0	0.0
MAST4	na	0.0	0.0	0.0	0.0	0.0	0.0	0.0
SLC30A5	na	0.0	0.0	0.0	0.0	0.0	0.0	0.0
SMN1	na	0.0	0.0	0.0	0.0	0.0	0.0	0.0
AGGF1	na	0.0	0.0	0.0	0.0	0.0	0.0	0.0
VCAN	na	0.0	0.0	0.0	0.0	0.0	0.0	0.0
ELL2	na	0.0	0.0	0.0	0.0	0.0	0.0	0.0
PAM	na	0.0	0.0	0.0	0.0	0.0	0.0	0.0
AP3S1	na	0.0	0.0	0.0	0.0	0.0	0.0	0.0
HSD17B4	na	0.0	0.0	0.0	0.0	0.0	0.0	0.0
RAD50	na	0.0	0.0	0.0	0.0	0.0	0.0	0.0
SOWAHA	na	0.0	0.0	0.0	0.0	0.0	0.0	0.0
UQCRQ	na	0.3538348120069532	0.6057919396785366	0.24533790847364106	0.25474234979610455	0.2730932776666431	0.46760122687086325	0.623844372363958
FSTL4	na	0.0	0.0	0.0	0.0	0.0	0.0	0.0
HNRNPA0	na	0.0	0.0	0.0	0.0	0.0	0.0	0.0
PFDN1	na	0.0	0.0	0.0	0.0	0.0	0.0	0.0
SRA1	na	0.0	0.0	0.0	0.0	0.0	0.0	0.0
EIF4EBP3	na	0.0	0.0	0.0	0.0	0.0	0.0	0.0
NDUFA2	na	0.12230183452641882	0.13409684073121977	0.10521422177967679	0.10313309746057799	0.09767887159049043	0.14694248194763485	0.1802207616661307
IK	na	0.0	0.0	0.0	0.0	0.0	0.0	0.0
PCDH12	na	0.0	0.0	0.0	0.0	0.0	0.0	0.0
TCERG1	na	0.0	0.0	0.0	0.0	0.0	0.0	0.0
FAM114A2	na	0.0	0.0	0.0	0.0	0.0	0.0	0.0
PWWP2A	na	0.0	0.0	0.0	0.0	0.0	0.0	0.0
C1QTNF2	na	0.0	0.0	0.0	0.0	0.0	0.0	0.0
HMMR	na	0.0	0.0	0.0	0.0	0.0	0.0	0.0
FAM193B	na	0.0	0.0	0.0	0.0	0.0	0.0	0.0
TRIM52	na	0.0	0.0	0.0	0.0	0.0	0.0	0.0
FOXC1	na	0.0	0.0	0.0	0.0	0.0	0.0	0.0
STMND1	na	0.0	0.0	0.0	0.0	0.0	0.0	0.0
DEK	na	0.0	0.0	0.0	0.0	0.0	0.0	0.0
HIST1H2BD	na	0.0	0.0	0.0	0.0	0.0	0.0	0.0
HIST1H3G	na	0.0	0.0	0.0	0.0	0.0	0.0	0.0
HIST1H1B	na	0.0	0.0	0.0	0.0	0.0	0.0	0.0
HLA-A	na	0.27175391357411477	0.2992085621067305	0.3735430715447066	0.480908637304884	0.32936450164658226	0.3884272255810884	0.46092591139198896
TRIM26	na	0.0	0.0	0.0	0.0	0.0	0.0	0.0
HLA-C	na	0.17845714733142254	0.27746771285740335	0.18889721574830212	0.33861554402010924	0.2112059806560635	0.3479346226952099	0.2902048613207377
HLA-B	na	0.24259566808048544	0.2704744077082259	0.385291209822392	0.560538035096619	0.34635308785611174	0.43331663476806803	0.40024647921456336
EHMT2	na	0.0	0.0	0.0	0.0	0.0	0.0	0.0
HLA-DRB1	na	0.09040949460048316	0.16932314730108464	0.04849759270668825	0.13244644825999569	0.11132920535530208	0.20203630292510288	0.15274429815496515
HLA-DQA1	na	0.0	0.0	0.0	0.0	0.0	0.0	0.0
HLA-DQB1	na	0.0	0.0	0.0	0.0	0.0	0.0	0.0
HLA-DQA2	na	0.0	0.0	0.0	0.0	0.0	0.0	0.0
HLA-DQB2	na	0.0	0.0	0.0	0.0	0.0	0.0	0.0
SRSF3	na	0.09270207309302161	0.061970880001777355	0.14209505950793275	0.1710460376098494	0.10728019690233044	0.07406006680259601	0.11306360118296034
TRERF1	na	0.0	0.0	0.0	0.0	0.0	0.0	0.0
DST	na	0.0	0.0	0.0	0.0	0.0	0.0	0.0
KIAA1586	na	0.0	0.0	0.0	0.0	0.0	0.0	0.0
SMAP1	na	0.0	0.0	0.0	0.0	0.0	0.0	0.0
MAP3K7	na	0.0	0.0	0.0	0.0	0.0	0.0	0.0
ASCC3	na	0.0	0.0	0.0	0.0	0.0	0.0	0.0
AK9	na	0.0	0.0	0.0	0.0	0.0	0.0	0.0
GTF3C6	na	0.08919858176390517	0.08311532549737351	0.10348123180103715	0.14479763624656333	0.09128898242505037	0.08871041458193454	0.0958709511070518
RPF2	na	0.0	0.0	0.0	0.0	0.0	0.0	0.0
TSPYL4	na	0.0	0.0	0.0	0.0	0.0	0.0	0.0
SMPDL3A	na	0.0	0.0	0.0	0.0	0.0	0.0	0.0
NCOA7	na	0.0	0.0	0.0	0.0	0.0	0.0	0.0
IFNGR1	na	0.0	0.0	0.0	0.0	0.0	0.0	0.0
PERP	na	0.2817732979339344	0.27241446792677393	0.43187880927125005	0.25564913685581897	0.27321029169043975	0.21164320283264973	0.50526614170391
CCDC28A	na	0.0	0.0	0.0	0.0	0.0	0.0	0.0
PHACTR2	na	0.0	0.0	0.0	0.0	0.0	0.0	0.0
ARID1B	na	0.0	0.0	0.0	0.0	0.0	0.0	0.0
PSMB1	na	0.12082113479077808	0.1337297709147459	0.16012244195246733	0.20012590346882123	0.14533620623030932	0.14852731948129944	0.20642114298504727
NUDT1	na	0.0	0.0	0.0	0.0	0.0	0.0	0.0
AP5Z1	na	0.0	0.0	0.0	0.0	0.0	0.0	0.0
RNF216	na	0.0	0.0	0.0	0.0	0.0	0.0	0.0
ZNF316	na	0.0	0.0	0.0	0.0	0.0	0.0	0.0
TWIST1	na	0.0	0.0	0.0	0.0	0.0	0.0	0.0
SCRN1	na	0.0	0.0	0.0	0.0	0.0	0.0	0.0
GARS	na	0.0	0.0	0.0	0.0	0.0	0.0	0.0
AVL9	na	0.0	0.0	0.0	0.0	0.0	0.0	0.0
AOAH	na	0.0	0.0	0.0	0.0	0.0	0.0	0.0
INHBA	na	0.0	0.0	0.0	0.0	0.0	0.0	0.0
PSMA2	na	0.06725418391452848	0.061655917626627366	0.0807382847594614	0.09786625974326361	0.0718236100121756	0.06403458809516444	0.08780759371746706
H2AFV	na	0.09557664732589	0.0736272925899744	0.11234531480550142	0.13225210260343484	0.09150613475079922	0.08876554078760067	0.1013265303071909
ZNF107	na	0.0	0.0	0.0	0.0	0.0	0.0	0.0
KCTD7	na	0.0	0.0	0.0	0.0	0.0	0.0	0.0
RABGEF1	na	0.0	0.0	0.0	0.0	0.0	0.0	0.0
GTPBP10	na	0.0	0.0	0.0	0.0	0.0	0.0	0.0
AKAP9	na	0.0	0.0	0.0	0.0	0.0	0.0	0.0
COL1A2	na	0.3153683155468011	0.4271044266632564	0.2924346340605256	0.36263780585770816	0.3128178485195201	0.4229215870626788	0.5030340862747215
ZKSCAN1	na	0.0	0.0	0.0	0.0	0.0	0.0	0.0
ZSCAN21	na	0.0	0.0	0.0	0.0	0.0	0.0	0.0
MCM7	na	0.0	0.0	0.0	0.0	0.0	0.0	0.0
CNPY4	na	0.0	0.0	0.0	0.0	0.0	0.0	0.0
LAMTOR4	na	0.08270088891884994	0.08889555108022688	0.10273581298826696	0.14483838043321917	0.0925631001062425	0.10562104088875618	0.08493198435807302
GIGYF1	na	0.0	0.0	0.0	0.0	0.0	0.0	0.0
SRRT	na	0.0	0.0	0.0	0.0	0.0	0.0	0.0
SH2B2	na	0.0	0.0	0.0	0.0	0.0	0.0	0.0
POLR2J3	na	0.0	0.0	0.0	0.0	0.0	0.0	0.0
POLR2J3	na	0.0	0.0	0.0	0.0	0.0	0.0	0.0
POLR2J3	na	0.0	0.0	0.0	0.0	0.0	0.0	0.0
POLR2J3	na	0.0	0.0	0.0	0.0	0.0	0.0	0.0
LRRC17	na	0.0	0.0	0.0	0.0	0.0	0.0	0.0
CPED1	na	0.0	0.0	0.0	0.0	0.0	0.0	0.0
NDUFA5	na	0.07563118720515685	0.06280842758570168	0.09319499651550237	0.11393579360018977	0.07333165779578595	0.08062761125158242	0.0710609733465287
WASL	na	0.0	0.0	0.0	0.0	0.0	0.0	0.0
KMT2C	na	0.0	0.0	0.0	0.0	0.0	0.0	0.0
RBM33	na	0.0	0.0	0.0	0.0	0.0	0.0	0.0
NOM1	na	0.0	0.0	0.0	0.0	0.0	0.0	0.0
NCAPG2	na	0.0	0.0	0.0	0.0	0.0	0.0	0.0
TXLNG	na	0.0	0.0	0.0	0.0	0.0	0.0	0.0
RBM10	na	0.0	0.0	0.0	0.0	0.0	0.0	0.0
PQBP1	na	0.0	0.0	0.0	0.0	0.0	0.0	0.0
PHF8	na	0.0	0.0	0.0	0.0	0.0	0.0	0.0
MED12	na	0.0	0.0	0.0	0.0	0.0	0.0	0.0
ZNF711	na	0.0	0.0	0.0	0.0	0.0	0.0	0.0
AMOT	na	0.0	0.0	0.0	0.0	0.0	0.0	0.0
LAMP2	na	0.06466906321603384	0.024263510385191162	0.10472368743137533	0.11710855159438037	0.07915673082693218	0.06258942271989346	0.0747222610785913
HTATSF1	na	0.0	0.0	0.0	0.0	0.0	0.0	0.0
HMGB3	na	0.0	0.0	0.0	0.0	0.0	0.0	0.0
MECP2	na	0.0	0.0	0.0	0.0	0.0	0.0	0.0
DKC1	na	0.0	0.0	0.0	0.0	0.0	0.0	0.0
VPS37A	na	0.0	0.0	0.0	0.0	0.0	0.0	0.0
NAT1	na	0.0	0.0	0.0	0.0	0.0	0.0	0.0
CCAR2	na	0.0	0.0	0.0	0.0	0.0	0.0	0.0
BNIP3L	na	0.0	0.0	0.0	0.0	0.0	0.0	0.0
ESCO2	na	0.0	0.0	0.0	0.0	0.0	0.0	0.0
PBK	na	0.0	0.0	0.0	0.0	0.0	0.0	0.0
KIF13B	na	0.0	0.0	0.0	0.0	0.0	0.0	0.0
LEPROTL1	na	0.0	0.0	0.0	0.0	0.0	0.0	0.0
PRKDC	na	0.0	0.0	0.0	0.0	0.0	0.0	0.0
SNAI2	na	0.0	0.0	0.0	0.0	0.0	0.0	0.0
CSPP1	na	0.0	0.0	0.0	0.0	0.0	0.0	0.0
TERF1	na	0.0	0.0	0.0	0.0	0.0	0.0	0.0
ZFHX4	na	0.0	0.0	0.0	0.0	0.0	0.0	0.0
PABPC1	na	0.3306275871556119	0.6786745770565756	0.3122455149348507	0.2230772295032379	0.3020442394436576	0.6466386518611836	0.7182949971034809
TRPS1	na	0.0	0.0	0.0	0.0	0.0	0.0	0.0
KHDRBS3	na	0.0	0.0	0.0	0.0	0.0	0.0	0.0
MROH1	na	0.0	0.0	0.0	0.0	0.0	0.0	0.0
CYHR1	na	0.0	0.0	0.0	0.0	0.0	0.0	0.0
RECQL4	na	0.0	0.0	0.0	0.0	0.0	0.0	0.0
CBWD1	na	0.0	0.0	0.0	0.0	0.0	0.0	0.0
PUM3	na	0.0	0.0	0.0	0.0	0.0	0.0	0.0
MLLT3	na	0.0	0.0	0.0	0.0	0.0	0.0	0.0
VCP	na	0.0976335290057882	0.021493933921124895	0.20009365913819185	0.2155402557546127	0.12843890219169726	0.06943920721805691	0.1313391450139726
UNC13B	na	0.0	0.0	0.0	0.0	0.0	0.0	0.0
CBWD5	na	0.0	0.0	0.0	0.0	0.0	0.0	0.0
TJP2	na	0.0	0.0	0.0	0.0	0.0	0.0	0.0
VPS13A	na	0.0	0.0	0.0	0.0	0.0	0.0	0.0
FBP1	na	0.0	0.0	0.0	0.0	0.0	0.0	0.0
STX17	na	0.0	0.0	0.0	0.0	0.0	0.0	0.0
NDUFA8	na	0.06787984195772033	0.07338372492220654	0.08781552003932569	0.09514760943455339	0.06939729592728665	0.0798668417679889	0.0988809471282685
STRBP	na	0.0	0.0	0.0	0.0	0.0	0.0	0.0
ARPC5L	na	0.06207245688554922	0.05506712623564542	0.08941652918488817	0.12597727415748397	0.07557184327841845	0.0692657558754139	0.0755723857538433
ZNF79	na	0.0	0.0	0.0	0.0	0.0	0.0	0.0
LRSAM1	na	0.0	0.0	0.0	0.0	0.0	0.0	0.0
CIZ1	na	0.0	0.0	0.0	0.0	0.0	0.0	0.0
ODF2	na	0.0	0.0	0.0	0.0	0.0	0.0	0.0
ASS1	na	0.10489712573081514	0.14101125872384412	0.12940768154108587	0.19165702931280726	0.12815218441485865	0.17131159738031565	0.16301095277936978
GTF3C5	na	0.0	0.0	0.0	0.0	0.0	0.0	0.0
CEL	na	0.0	0.0	0.0	0.0	0.0	0.0	0.0
REXO4	na	0.0	0.0	0.0	0.0	0.0	0.0	0.0
ADAMTS13	na	0.0	0.0	0.0	0.0	0.0	0.0	0.0
RABL6	na	0.08388678928269626	0.01714795775375337	0.12015125297028365	0.1549079839265077	0.09126729656171652	0.055857113740936916	0.08182831481221008
DPP7	na	0.059740729776241626	0.016467834224900803	0.09408469069047945	0.1121797093763537	0.07708935651543782	0.03786895720145629	0.055625858173426114
GRIN1	na	0.0	0.0	0.0	0.0	0.0	0.0	0.0
SIGIRR	na	0.0	0.0	0.0	0.0	0.0	0.0	0.0
DRD4	na	0.0	0.0	0.0	0.0	0.0	0.0	0.0
RPLP2	na	0.8819891993426637	1.660177972171185	0.5481605666607741	0.5963362051993223	0.68500439827867	1.3480736236751398	1.6550854322599333
TSSC4	na	0.0	0.0	0.0	0.0	0.0	0.0	0.0
TRIM5	na	0.0	0.0	0.0	0.0	0.0	0.0	0.0
TIMM10B	na	0.0	0.0	0.0	0.0	0.0	0.0	0.0
ARL14EP	na	0.0	0.0	0.0	0.0	0.0	0.0	0.0
TCP11L1	na	0.0	0.0	0.0	0.0	0.0	0.0	0.0
FAM111B	na	0.0	0.0	0.0	0.0	0.0	0.0	0.0
UQCC3	na	0.08056392644317889	0.046346975510185996	0.08265985666598731	0.11557276083607705	0.07697511538939524	0.05323857054865142	0.08451335470099713
STX5	na	0.0	0.0	0.0	0.0	0.0	0.0	0.0
ARL2	na	0.0	0.0	0.0	0.0	0.0	0.0	0.0
SIPA1	na	0.0	0.0	0.0	0.0	0.0	0.0	0.0
RBM4	na	0.0	0.0	0.0	0.0	0.0	0.0	0.0
PPFIA1	na	0.0	0.0	0.0	0.0	0.0	0.0	0.0
PAK1	na	0.0	0.0	0.0	0.0	0.0	0.0	0.0
CADM1	na	0.0	0.0	0.0	0.0	0.0	0.0	0.0
CEP164	na	0.0	0.0	0.0	0.0	0.0	0.0	0.0
TMPRSS13	na	0.0	0.0	0.0	0.0	0.0	0.0	0.0
FAM208B	na	0.0	0.0	0.0	0.0	0.0	0.0	0.0
STAM	na	0.0	0.0	0.0	0.0	0.0	0.0	0.0
MSRB2	na	0.0	0.0	0.0	0.0	0.0	0.0	0.0
LYZL2	na	0.0	0.0	0.0	0.0	0.0	0.0	0.0
ZEB1	na	0.0	0.0	0.0	0.0	0.0	0.0	0.0
EPC1	na	0.0	0.0	0.0	0.0	0.0	0.0	0.0
PARD3	na	0.0	0.0	0.0	0.0	0.0	0.0	0.0
AGAP9	na	0.0	0.0	0.0	0.0	0.0	0.0	0.0
ANK3	na	0.0	0.0	0.0	0.0	0.0	0.0	0.0
ARID5B	na	0.0	0.0	0.0	0.0	0.0	0.0	0.0
DNAJC12	na	0.0	0.0	0.0	0.0	0.0	0.0	0.0
DDX50	na	0.0	0.0	0.0	0.0	0.0	0.0	0.0
FAM149B1	na	0.0	0.0	0.0	0.0	0.0	0.0	0.0
DNAJC9	na	0.0	0.0	0.0	0.0	0.0	0.0	0.0
FUT11	na	0.0	0.0	0.0	0.0	0.0	0.0	0.0
KAT6B	na	0.0	0.0	0.0	0.0	0.0	0.0	0.0
COMTD1	na	0.0	0.0	0.0	0.0	0.0	0.0	0.0
KCNMA1	na	0.0	0.0	0.0	0.0	0.0	0.0	0.0
ANXA11	na	0.0	0.0	0.0	0.0	0.0	0.0	0.0
TM9SF3	na	0.06829415323757965	0.006771713783868654	0.09728651863425694	0.13035152527048335	0.07782664846894101	0.045338393106121054	0.06368242935670236
HPS1	na	0.0	0.0	0.0	0.0	0.0	0.0	0.0
BTRC	na	0.0	0.0	0.0	0.0	0.0	0.0	0.0
DPCD	na	0.0	0.0	0.0	0.0	0.0	0.0	0.0
POLL	na	0.0	0.0	0.0	0.0	0.0	0.0	0.0
HPS6	na	0.0	0.0	0.0	0.0	0.0	0.0	0.0
NOLC1	na	0.0	0.0	0.0	0.0	0.0	0.0	0.0
NFKB2	na	0.0	0.0	0.0	0.0	0.0	0.0	0.0
TCF7L2	na	0.0	0.0	0.0	0.0	0.0	0.0	0.0
SHTN1	na	0.0	0.0	0.0	0.0	0.0	0.0	0.0
RGS10	na	0.0	0.0	0.0	0.0	0.0	0.0	0.0
BUB3	na	0.0	0.0	0.0	0.0	0.0	0.0	0.0
ZRANB1	na	0.0	0.0	0.0	0.0	0.0	0.0	0.0
CTBP2	na	0.0	0.0	0.0	0.0	0.0	0.0	0.0
MKI67	na	0.0	0.0	0.0	0.0	0.0	0.0	0.0
ECHS1	na	0.05688777609084478	0.047934276466259404	0.09869006037699084	0.10496135183932083	0.07641759507618198	0.06637543144836569	0.09020219945387783
RAD51AP1	na	0.0	0.0	0.0	0.0	0.0	0.0	0.0
ENO2	na	0.0	0.0	0.0	0.0	0.0	0.0	0.0
PRH1	na	0.0	0.0	0.0	0.0	0.0	0.0	0.0
FAR2	na	0.0	0.0	0.0	0.0	0.0	0.0	0.0
KIAA1551	na	0.0	0.0	0.0	0.0	0.0	0.0	0.0
KRT18	na	0.25301205728443954	0.4062755267156386	0.2376351890316518	0.19021658478457668	0.22961739752676572	0.4508972430501845	0.5174363739179003
XPOT	na	0.0	0.0	0.0	0.0	0.0	0.0	0.0
VEZT	na	0.0	0.0	0.0	0.0	0.0	0.0	0.0
METAP2	na	0.0	0.0	0.0	0.0	0.0	0.0	0.0
VSIG10	na	0.0	0.0	0.0	0.0	0.0	0.0	0.0
RPLP0	na	0.4985181985744452	0.7075190649478548	0.5002801131971322	0.575234187021173	0.45591018533771854	0.6077170214042434	0.9119808784559482
MLEC	na	0.0	0.0	0.0	0.0	0.0	0.0	0.0
PSMD9	na	0.0	0.0	0.0	0.0	0.0	0.0	0.0
ARL6IP4	na	0.09173100905446141	0.04848025408844781	0.11185386122503344	0.11985273833320224	0.08730899620335192	0.06725224816951444	0.1020609901559235
POLE	na	0.0	0.0	0.0	0.0	0.0	0.0	0.0
ZC3H13	na	0.0	0.0	0.0	0.0	0.0	0.0	0.0
MZT1	na	0.0	0.0	0.0	0.0	0.0	0.0	0.0
ABCC4	na	0.0	0.0	0.0	0.0	0.0	0.0	0.0
ERCC5	na	0.0	0.0	0.0	0.0	0.0	0.0	0.0
ABHD13	na	0.0	0.0	0.0	0.0	0.0	0.0	0.0
ACIN1	na	0.0	0.0	0.0	0.0	0.0	0.0	0.0
PABPN1	na	0.0	0.0	0.0	0.0	0.0	0.0	0.0
THTPA	na	0.0	0.0	0.0	0.0	0.0	0.0	0.0
AP1G2	na	0.0	0.0	0.0	0.0	0.0	0.0	0.0
RIPK3	na	0.0	0.0	0.0	0.0	0.0	0.0	0.0
POLE2	na	0.0	0.0	0.0	0.0	0.0	0.0	0.0
ARID4A	na	0.0	0.0	0.0	0.0	0.0	0.0	0.0
ZBTB1	na	0.0	0.0	0.0	0.0	0.0	0.0	0.0
IRF2BPL	na	0.0	0.0	0.0	0.0	0.0	0.0	0.0
TRIP11	na	0.0	0.0	0.0	0.0	0.0	0.0	0.0
BTBD7	na	0.0	0.0	0.0	0.0	0.0	0.0	0.0
YY1	na	0.0	0.0	0.0	0.0	0.0	0.0	0.0
HSP90AA1	na	0.28188654979799393	0.42820968893136385	0.32467273562301857	0.3974462605548489	0.3012143845899887	0.5109914336417284	0.5000234954887003
TECPR2	na	0.0	0.0	0.0	0.0	0.0	0.0	0.0
CDC42BPB	na	0.0	0.0	0.0	0.0	0.0	0.0	0.0
EMC7	na	0.0	0.0	0.0	0.0	0.0	0.0	0.0
SPINT1	na	0.08742803481171621	0.02406615236758921	0.11851240254605168	0.1346694261422751	0.0849515189355523	0.04067577472120062	0.05539157820557673
SERF2	na	1.226167572374896	2.0711049887675896	1.0828348046385379	0.5335464532552554	0.9235219939144678	1.4310232330050705	2.4346397322917324
PATL2	na	0.0	0.0	0.0	0.0	0.0	0.0	0.0
GALK2	na	0.0	0.0	0.0	0.0	0.0	0.0	0.0
FAM227B	na	0.0	0.0	0.0	0.0	0.0	0.0	0.0
TEX9	na	0.0	0.0	0.0	0.0	0.0	0.0	0.0
MNS1	na	0.0	0.0	0.0	0.0	0.0	0.0	0.0
CGNL1	na	0.0	0.0	0.0	0.0	0.0	0.0	0.0
MTFMT	na	0.0	0.0	0.0	0.0	0.0	0.0	0.0
PML	na	0.0	0.0	0.0	0.0	0.0	0.0	0.0
SRRM2	na	0.09470214986967487	1.5973013381096091e-25	0.21202909000418985	0.23463326144600866	0.13111522524147454	4.555895133059702e-23	0.050012679496423525
PLA2G10	na	0.0	0.0	0.0	0.0	0.0	0.0	0.0
NPIPA3	na	0.0	0.0	0.0	0.0	0.0	0.0	0.0
NPIPA1	na	0.0	0.0	0.0	0.0	0.0	0.0	0.0
UBFD1	na	0.0	0.0	0.0	0.0	0.0	0.0	0.0
TNRC6A	na	0.0	0.0	0.0	0.0	0.0	0.0	0.0
RABEP2	na	0.0	0.0	0.0	0.0	0.0	0.0	0.0
NFATC2IP	na	0.0	0.0	0.0	0.0	0.0	0.0	0.0
SPNS1	na	0.0	0.0	0.0	0.0	0.0	0.0	0.0
SULT1A3	na	0.0	0.0	0.0	0.0	0.0	0.0	0.0
ZNF768	na	0.0	0.0	0.0	0.0	0.0	0.0	0.0
SRCAP	na	0.0	0.0	0.0	0.0	0.0	0.0	0.0
CCDC113	na	0.0	0.0	0.0	0.0	0.0	0.0	0.0
NAE1	na	0.0	0.0	0.0	0.0	0.0	0.0	0.0
NOL3	na	0.0	0.0	0.0	0.0	0.0	0.0	0.0
EDC4	na	0.0	0.0	0.0	0.0	0.0	0.0	0.0
NQO1	na	0.1082415235045531	0.10541737954279394	0.15840353684164118	0.14587199971639214	0.1174649051812713	0.08888876252425428	0.19099309204702133
NOB1	na	0.0	0.0	0.0	0.0	0.0	0.0	0.0
AARS	na	0.0	0.0	0.0	0.0	0.0	0.0	0.0
ATP2C2	na	0.0	0.0	0.0	0.0	0.0	0.0	0.0
KIAA0513	na	0.0	0.0	0.0	0.0	0.0	0.0	0.0
GSE1	na	0.0761408160931162	0.011037377970501616	0.12028455151484166	0.1772617578822457	0.09897850479210693	0.04586037983740965	0.089497414613464
DBNDD1	na	0.0	0.0	0.0	0.0	0.0	0.0	0.0
GAS8	na	0.0	0.0	0.0	0.0	0.0	0.0	0.0
NXN	na	0.0	0.0	0.0	0.0	0.0	0.0	0.0
MYO1C	na	0.0	0.0	0.0	0.0	0.0	0.0	0.0
ZZEF1	na	0.0	0.0	0.0	0.0	0.0	0.0	0.0
CYB5D2	na	0.0	0.0	0.0	0.0	0.0	0.0	0.0
ANKFY1	na	0.0	0.0	0.0	0.0	0.0	0.0	0.0
PELP1	na	0.0	0.0	0.0	0.0	0.0	0.0	0.0
KIF1C	na	0.0	0.0	0.0	0.0	0.0	0.0	0.0
NAA38	na	0.06848473810319465	0.0989803241089425	0.08233265697471338	0.09325615276485029	0.06976919561037681	0.0824789205480432	0.10354834525647656
CHD3	na	0.0	0.0	0.0	0.0	0.0	0.0	0.0
MYH10	na	0.0	0.0	0.0	0.0	0.0	0.0	0.0
SUPT6H	na	0.0784191215306439	0.014023981035858907	0.10953197200330456	0.1406982854943293	0.08470500991826731	0.0370956457940891	0.06604385601912861
MYO18A	na	0.0	0.0	0.0	0.0	0.0	0.0	0.0
NUFIP2	na	0.10894734855023548	0.0435178686507178	0.15165466838071928	0.1816221699537359	0.11481883028805877	0.09224210256371525	0.1286392601685871
NF1	na	0.0	0.0	0.0	0.0	0.0	0.0	0.0
AP2B1	na	0.18359401664077682	0.07435851906753105	0.28616271609873317	0.30503032747736464	0.19960283074629614	0.1502282197364849	0.23101003335937656
TAF15	na	0.0	0.0	0.0	0.0	0.0	0.0	0.0
AATF	na	0.11324736022728714	0.06871247036317954	0.18071761477781045	0.1544374823064519	0.1183454865472008	0.11260491083892074	0.15445683943643776
ERBB2	na	1.5009873432939362	0.11477254160491371	2.8841089962330146	2.9934834364365304	1.7864798004733695	0.3482840416734243	1.8383655910929306
MIEN1	na	0.4801734729081504	0.5433189210721688	0.4966796200062105	0.4794689102574157	0.39604801528366124	0.41916907250002505	0.705733977949046
CDC6	na	0.0	0.0	0.0	0.0	0.0	0.0	0.0
NBR1	na	0.0	0.0	0.0	0.0	0.0	0.0	0.0
GJC1	na	0.0	0.0	0.0	0.0	0.0	0.0	0.0
COL1A1	na	0.33079904267474386	0.3541302229288071	0.3671438094362301	0.31007941898205227	0.29695746314325794	0.3702462374925663	0.45506258979256325
MRPL27	na	0.35721870984502063	0.3963729107396478	0.43706039671696195	0.40607151294379545	0.3327649478489545	0.33123348884264997	0.5256264528938172
RSAD1	na	0.0	0.0	0.0	0.0	0.0	0.0	0.0
ANKRD40	na	0.11012829577620943	0.026150610953398414	0.16673553652753714	0.18052389553291226	0.11738541198097716	0.06630415009162345	0.14603821770287415
LUC7L3	na	0.16336730851217734	0.02116152810588404	0.334449946905224	0.3311376852322084	0.2049074904992072	0.05975852083119972	0.17237533736967217
NACA2	na	0.0	0.0	0.0	0.0	0.0	0.0	0.0
TEX2	na	0.0	0.0	0.0	0.0	0.0	0.0	0.0
DDX5	na	0.30918026121840253	0.2956468415280864	0.5016124787828924	0.43296249823889277	0.35112881981829275	0.26987242837224146	0.5276122239798656
FAM104A	na	0.0	0.0	0.0	0.0	0.0	0.0	0.0
C17orf80	na	0.0	0.0	0.0	0.0	0.0	0.0	0.0
MRPS7	na	0.0	0.0	0.0	0.0	0.0	0.0	0.0
MRPL38	na	0.0	0.0	0.0	0.0	0.0	0.0	0.0
SRP68	na	0.0	0.0	0.0	0.0	0.0	0.0	0.0
TIMP2	na	0.06485332133498421	0.04620146819328362	0.10674873870440918	0.09959043043062178	0.0765403537189392	0.0744431923609273	0.09599809154068949
GAA	na	0.0	0.0	0.0	0.0	0.0	0.0	0.0
CARD14	na	0.0	0.0	0.0	0.0	0.0	0.0	0.0
SLC16A3	na	0.0	0.0	0.0	0.0	0.0	0.0	0.0
NDUFV2	na	0.08639538294080264	0.1300834683219504	0.10287835686378817	0.11763964497932738	0.09688920759633372	0.1376604891445409	0.18233355413479993
ANKRD12	na	0.0	0.0	0.0	0.0	0.0	0.0	0.0
TUBB6	na	0.0	0.0	0.0	0.0	0.0	0.0	0.0
SEH1L	na	0.0	0.0	0.0	0.0	0.0	0.0	0.0
ESCO1	na	0.0	0.0	0.0	0.0	0.0	0.0	0.0
OSBPL1A	na	0.0	0.0	0.0	0.0	0.0	0.0	0.0
GALNT1	na	0.0	0.0	0.0	0.0	0.0	0.0	0.0
SOX12	na	0.0	0.0	0.0	0.0	0.0	0.0	0.0
MCM8	na	0.0	0.0	0.0	0.0	0.0	0.0	0.0
PLCB1	na	0.0	0.0	0.0	0.0	0.0	0.0	0.0
KIF16B	na	0.0	0.0	0.0	0.0	0.0	0.0	0.0
CD93	na	0.0	0.0	0.0	0.0	0.0	0.0	0.0
GZF1	na	0.0	0.0	0.0	0.0	0.0	0.0	0.0
KIF3B	na	0.0	0.0	0.0	0.0	0.0	0.0	0.0
ZMYND8	na	0.05846377042389549	0.04412761996851488	0.1118285587450971	0.11899718881376903	0.08284273905090386	0.057073620506735125	0.06348425212941484
NCOA3	na	0.0	0.0	0.0	0.0	0.0	0.0	0.0
RNF114	na	0.0	0.0	0.0	0.0	0.0	0.0	0.0
TPD52L2	na	0.07364097315052168	0.045925202621096534	0.11283553471607138	0.12258921869178852	0.08734539270806911	0.06127417848834389	0.09674227465904152
MYT1	na	0.0	0.0	0.0	0.0	0.0	0.0	0.0
WDR18	na	0.0	0.0	0.0	0.0	0.0	0.0	0.0
MBD3	na	0.0	0.0	0.0	0.0	0.0	0.0	0.0
SF3A2	na	0.0	0.0	0.0	0.0	0.0	0.0	0.0
PIAS4	na	0.0	0.0	0.0	0.0	0.0	0.0	0.0
GTF2F1	na	0.0	0.0	0.0	0.0	0.0	0.0	0.0
TRAPPC5	na	0.0	0.0	0.0	0.0	0.0	0.0	0.0
ELAVL1	na	0.0	0.0	0.0	0.0	0.0	0.0	0.0
CERS4	na	0.0	0.0	0.0	0.0	0.0	0.0	0.0
DNM2	na	0.0	0.0	0.0	0.0	0.0	0.0	0.0
DHPS	na	0.0	0.0	0.0	0.0	0.0	0.0	0.0
NOTCH3	na	0.0	0.0	0.0	0.0	0.0	0.0	0.0
USHBP1	na	0.0	0.0	0.0	0.0	0.0	0.0	0.0
BABAM1	na	0.0	0.0	0.0	0.0	0.0	0.0	0.0
JUND	na	0.0791088787426062	0.0018847334335763712	0.16019197175633731	0.19136458556564281	0.11139812189941206	0.04226911408622515	0.11149269795157064
NDUFA13	na	0.17285274098220213	0.14336955852286404	0.23599713266927685	0.26741064304339324	0.18998664517707356	0.1619352310186168	0.2716151449466249
ZNF681	na	0.0	0.0	0.0	0.0	0.0	0.0	0.0
UBA2	na	0.0	0.0	0.0	0.0	0.0	0.0	0.0
COX6B1	na	0.18852023670195578	0.28500105398015624	0.1404021532798225	0.17478890097894448	0.15622777737141832	0.23112717912076733	0.32030101252783927
ARHGAP33	na	0.0	0.0	0.0	0.0	0.0	0.0	0.0
CAPNS1	na	0.08941940079883265	0.037355529046716636	0.1387230063551011	0.15633736283667954	0.10133589378178674	0.07972174575312577	0.11971453641108408
SPRED3	na	0.0	0.0	0.0	0.0	0.0	0.0	0.0
FAM98C	na	0.0	0.0	0.0	0.0	0.0	0.0	0.0
RYR1	na	0.0	0.0	0.0	0.0	0.0	0.0	0.0
ZNF428	na	0.0	0.0	0.0	0.0	0.0	0.0	0.0
APOC1	na	0.18814816927961564	0.19259131043655767	0.14924045282018578	0.1963334611464361	0.161068553074223	0.3123734560725702	0.25303713287381285
CLPTM1	na	0.0	0.0	0.0	0.0	0.0	0.0	0.0
CD3EAP	na	0.0	0.0	0.0	0.0	0.0	0.0	0.0
ERCC1	na	0.0	0.0	0.0	0.0	0.0	0.0	0.0
ZC3H4	na	0.0	0.0	0.0	0.0	0.0	0.0	0.0
CCDC9	na	0.0	0.0	0.0	0.0	0.0	0.0	0.0
NUCB1	na	0.0	0.0	0.0	0.0	0.0	0.0	0.0
SCAF1	na	0.0	0.0	0.0	0.0	0.0	0.0	0.0
MYH14	na	0.0	0.0	0.0	0.0	0.0	0.0	0.0
LILRB4	na	0.0	0.0	0.0	0.0	0.0	0.0	0.0
PPP6R1	na	0.0	0.0	0.0	0.0	0.0	0.0	0.0
IL11	na	0.0	0.0	0.0	0.0	0.0	0.0	0.0
TRMT2A	na	0.0	0.0	0.0	0.0	0.0	0.0	0.0
RANBP1	na	0.07961777812866402	0.0554478123277872	0.08771001026730203	0.09424495832234522	0.07522501727669618	0.08780274723512174	0.08916606612426908
GGT1	na	0.0	0.0	0.0	0.0	0.0	0.0	0.0
CCDC117	na	0.0	0.0	0.0	0.0	0.0	0.0	0.0
MORC2	na	0.0	0.0	0.0	0.0	0.0	0.0	0.0
MYH9	na	0.1353281979440744	0.0897242233346234	0.19039149645680736	0.202360886431494	0.14081477041633053	0.14509397426914492	0.21227554088252423
TST	na	0.0	0.0	0.0	0.0	0.0	0.0	0.0
SH3BP1	na	0.0	0.0	0.0	0.0	0.0	0.0	0.0
GCAT	na	0.0	0.0	0.0	0.0	0.0	0.0	0.0
MICALL1	na	0.0	0.0	0.0	0.0	0.0	0.0	0.0
PLA2G6	na	0.0	0.0	0.0	0.0	0.0	0.0	0.0
SREBF2	na	0.0	0.0	0.0	0.0	0.0	0.0	0.0
U2AF1L5	na	0.0	0.0	0.0	0.0	0.0	0.0	0.0
LTN1	na	0.0	0.0	0.0	0.0	0.0	0.0	0.0
GART	na	0.0	0.0	0.0	0.0	0.0	0.0	0.0
SON	na	0.09358755016673038	0.05232162927974702	0.15240552613127045	0.21886474894706237	0.12773319848562428	0.10984530764902814	0.11472651764818624
TTC3	na	0.0	0.0	0.0	0.0	0.0	0.0	0.0
