Time:2.5277390480041504

Standard Error of the Estimate H:
0.1749341464560529
Standard Error of the Estimate HZ:
0.23822298440738984
Standard Error of the Estimate phi:
0.0012602617194365962
Standard Error of the Estimate n:
0.0
Standard Error of the Estimate pi:
0.26566058620472766
Standard Error of the Estimate P_Z:
0.3590270450433318
Percent of wrong estimaiton of Z:
[0.   0.05 0.1  0.15 0.2  0.25 0.3  0.35 0.4  0.45 0.5  0.55 0.6  0.65
 0.7  0.75 0.8  0.85 0.9  0.95][0.5266666666666666, 0.42, 0.41333333333333333, 0.37333333333333335, 0.37333333333333335, 0.36666666666666664, 0.34, 0.34, 0.3333333333333333, 0.3333333333333333, 0.34, 0.32666666666666666, 0.32666666666666666, 0.32666666666666666, 0.31333333333333335, 0.32, 0.32, 0.35333333333333333, 0.3466666666666667, 0.41333333333333333]
Standard Error of the Estimate B:
0.7056356725877272

H:
0.09 0.86 0.04
0.26 0.48 0.26
0.06 0.14 0.81
0.36 0.55 0.08
0.09 0.49 0.42
0.05 0.61 0.33
0.27 0.07 0.66
0.06 0.65 0.29
0.64 0.20 0.16
0.41 0.15 0.43
0.30 0.34 0.36
0.30 0.36 0.34
0.41 0.22 0.37
0.41 0.31 0.27
0.09 0.77 0.14
0.08 0.72 0.20
0.50 0.31 0.19
0.56 0.09 0.36
0.03 0.20 0.77
0.10 0.38 0.52
0.51 0.12 0.36
0.53 0.38 0.08
0.16 0.24 0.61
0.14 0.05 0.82
0.10 0.43 0.47
0.37 0.63 0.01
0.20 0.75 0.05
0.14 0.82 0.05
0.75 0.14 0.11
0.79 0.07 0.14
0.54 0.17 0.29
0.25 0.14 0.61
0.43 0.09 0.48
0.10 0.81 0.10
0.42 0.45 0.13
0.30 0.61 0.09
0.34 0.35 0.31
0.24 0.05 0.70
0.10 0.18 0.71
0.35 0.44 0.21
0.14 0.48 0.37
0.13 0.63 0.24
0.87 0.09 0.04
0.03 0.87 0.10
0.23 0.17 0.60
0.04 0.12 0.85
0.06 0.06 0.87
0.23 0.13 0.64
0.11 0.79 0.10
0.10 0.34 0.56

Inferred H:
0.098 0.811 0.072
0.027 0.560 0.393
0.045 0.235 0.700
0.063 0.821 0.096
0.248 0.324 0.408
0.114 0.289 0.577
0.070 0.547 0.362
0.025 0.729 0.225
0.144 0.491 0.345
0.070 0.357 0.553
0.051 0.662 0.268
0.225 0.459 0.296
0.079 0.481 0.420
0.065 0.483 0.432
0.059 0.606 0.315
0.048 0.798 0.134
0.155 0.423 0.402
0.139 0.695 0.147
0.110 0.271 0.600
0.172 0.288 0.520
0.206 0.274 0.500
0.297 0.370 0.314
0.029 0.676 0.276
0.049 0.260 0.671
0.058 0.359 0.563
0.051 0.865 0.064
0.091 0.784 0.105
0.147 0.777 0.056
0.152 0.600 0.228
0.353 0.299 0.328
0.133 0.666 0.180
0.078 0.156 0.745
0.059 0.414 0.507
0.083 0.590 0.307
0.091 0.556 0.333
0.213 0.479 0.289
0.158 0.580 0.242
0.088 0.289 0.603
0.116 0.161 0.703
0.070 0.550 0.360
0.060 0.599 0.321
0.087 0.452 0.441
0.314 0.531 0.134
0.069 0.863 0.048
0.041 0.597 0.342
0.091 0.472 0.416
0.046 0.432 0.502
0.061 0.217 0.702
0.041 0.777 0.162
0.046 0.608 0.326


Z:
0.00 1.00 0.00
1.00 1.00 1.00
0.00 0.00 1.00
0.00 1.00 0.00
0.00 1.00 1.00
0.00 1.00 0.00
1.00 0.00 1.00
0.00 1.00 0.00
1.00 0.00 0.00
1.00 0.00 1.00
1.00 1.00 1.00
1.00 1.00 1.00
1.00 0.00 1.00
1.00 1.00 1.00
0.00 1.00 0.00
0.00 1.00 0.00
1.00 1.00 1.00
1.00 0.00 0.00
0.00 0.00 1.00
0.00 1.00 1.00
1.00 0.00 1.00
1.00 1.00 0.00
0.00 0.00 1.00
0.00 0.00 1.00
0.00 1.00 1.00
1.00 1.00 0.00
0.00 1.00 0.00
0.00 1.00 0.00
1.00 0.00 0.00
1.00 0.00 0.00
1.00 0.00 0.00
0.00 0.00 1.00
1.00 0.00 1.00
0.00 1.00 0.00
1.00 1.00 0.00
1.00 1.00 0.00
1.00 1.00 1.00
1.00 0.00 1.00
0.00 0.00 1.00
1.00 1.00 1.00
0.00 1.00 1.00
0.00 1.00 0.00
1.00 0.00 0.00
0.00 1.00 0.00
0.00 0.00 1.00
0.00 0.00 1.00
0.00 0.00 1.00
0.00 0.00 1.00
0.00 1.00 0.00
0.00 1.00 1.00

Inferred Z:
0.00 1.00 0.00
0.00 1.00 1.00
0.00 1.00 1.00
0.00 1.00 0.00
1.00 1.00 1.00
0.00 1.00 1.00
0.00 1.00 1.00
0.00 1.00 1.00
1.00 1.00 1.00
0.00 1.00 1.00
0.00 1.00 1.00
1.00 1.00 1.00
0.00 1.00 1.00
0.00 1.00 1.00
0.00 1.00 1.00
0.00 1.00 0.00
0.00 1.00 1.00
0.00 1.00 0.00
0.00 1.00 1.00
1.00 1.00 1.00
1.00 1.00 1.00
1.00 1.00 1.00
0.00 1.00 1.00
0.00 1.00 1.00
0.00 1.00 1.00
0.00 1.00 0.00
0.00 1.00 0.00
0.00 1.00 0.00
1.00 1.00 1.00
1.00 1.00 1.00
0.00 1.00 1.00
0.00 0.00 1.00
0.00 1.00 1.00
0.00 1.00 1.00
0.00 1.00 1.00
1.00 1.00 1.00
1.00 1.00 1.00
0.00 1.00 1.00
0.00 0.00 1.00
0.00 1.00 1.00
0.00 1.00 1.00
0.00 1.00 1.00
1.00 1.00 0.00
0.00 1.00 0.00
0.00 1.00 1.00
0.00 1.00 1.00
0.00 1.00 1.00
0.00 1.00 1.00
0.00 1.00 0.00
0.00 1.00 1.00


HZ:
0.00 1.00 0.00
0.26 0.48 0.26
0.00 0.00 1.00
0.00 1.00 0.00
0.00 0.54 0.46
0.00 1.00 0.00
0.29 0.00 0.71
0.00 1.00 0.00
1.00 0.00 0.00
0.49 0.00 0.51
0.30 0.34 0.36
0.30 0.36 0.34
0.53 0.00 0.47
0.41 0.31 0.27
0.00 1.00 0.00
0.00 1.00 0.00
0.50 0.31 0.19
1.00 0.00 0.00
0.00 0.00 1.00
0.00 0.42 0.58
0.59 0.00 0.41
0.58 0.42 0.00
0.00 0.00 1.00
0.00 0.00 1.00
0.00 0.48 0.52
0.37 0.63 0.00
0.00 1.00 0.00
0.00 1.00 0.00
1.00 0.00 0.00
1.00 0.00 0.00
1.00 0.00 0.00
0.00 0.00 1.00
0.47 0.00 0.53
0.00 1.00 0.00
0.49 0.51 0.00
0.33 0.67 0.00
0.34 0.35 0.31
0.26 0.00 0.74
0.00 0.00 1.00
0.35 0.44 0.21
0.00 0.56 0.44
0.00 1.00 0.00
1.00 0.00 0.00
0.00 1.00 0.00
0.00 0.00 1.00
0.00 0.00 1.00
0.00 0.00 1.00
0.00 0.00 1.00
0.00 1.00 0.00
0.00 0.38 0.62

Inferred HZ:
0.000 1.000 0.000
0.000 0.588 0.412
0.000 0.251 0.749
0.000 1.000 0.000
0.253 0.331 0.416
0.000 0.334 0.666
0.000 0.602 0.398
0.000 0.764 0.236
0.147 0.501 0.352
0.000 0.392 0.608
0.000 0.712 0.288
0.230 0.468 0.302
0.000 0.534 0.466
0.000 0.528 0.472
0.000 0.658 0.342
0.000 1.000 0.000
0.000 0.513 0.487
0.000 1.000 0.000
0.000 0.311 0.689
0.176 0.294 0.530
0.210 0.280 0.510
0.303 0.377 0.320
0.000 0.710 0.290
0.000 0.279 0.721
0.000 0.389 0.611
0.000 1.000 0.000
0.000 1.000 0.000
0.000 1.000 0.000
0.155 0.612 0.232
0.360 0.305 0.335
0.000 0.787 0.213
0.000 0.000 1.000
0.000 0.449 0.551
0.000 0.658 0.342
0.000 0.625 0.375
0.217 0.488 0.295
0.161 0.592 0.247
0.000 0.324 0.676
0.000 0.000 1.000
0.000 0.604 0.396
0.000 0.651 0.349
0.000 0.506 0.494
0.372 0.628 0.000
0.000 1.000 0.000
0.000 0.636 0.364
0.000 0.532 0.468
0.000 0.463 0.537
0.000 0.236 0.764
0.000 1.000 0.000
0.000 0.651 0.349

Inferred Probability of Z:
0.93 0.00 0.98
0.98 0.10 0.33
0.98 0.68 0.08
0.93 0.01 0.94
0.32 0.21 0.08
0.94 0.56 0.08
0.97 0.01 0.26
0.98 0.04 0.62
0.75 0.12 0.33
0.98 0.70 0.51
0.98 0.13 0.63
0.48 0.08 0.33
0.89 0.08 0.14
0.96 0.08 0.10
0.90 0.00 0.14
0.96 0.00 0.82
0.89 0.38 0.41
0.95 0.06 0.88
0.84 0.40 0.03
0.65 0.28 0.04
0.54 0.31 0.06
0.04 0.03 0.03
0.98 0.00 0.37
0.91 0.39 0.00
0.98 0.24 0.03
0.98 0.13 0.98
0.94 0.09 0.82
0.85 0.01 0.98
0.67 0.01 0.41
0.41 0.39 0.29
0.86 0.05 0.76
0.98 0.88 0.05
0.98 0.25 0.05
0.97 0.13 0.50
0.98 0.26 0.58
0.63 0.39 0.55
0.68 0.20 0.53
0.97 0.47 0.13
0.95 0.81 0.05
0.94 0.05 0.28
0.98 0.35 0.65
0.95 0.26 0.28
0.72 0.46 0.97
0.98 0.00 0.98
0.92 0.20 0.51
0.92 0.04 0.12
0.98 0.07 0.03
0.92 0.70 0.03
0.97 0.01 0.91
0.98 0.01 0.28


phi:
0.00 0.00 0.00
0.00 0.00 0.00
0.00 0.00 0.00
0.00 0.00 0.00
0.00 0.00 0.00
0.00 0.00 0.00
0.00 0.00 0.00
0.00 0.00 0.00
0.00 0.00 0.00
0.00 0.00 0.00
0.00 0.00 0.00
0.00 0.00 0.00
0.00 0.00 0.00
0.00 0.00 0.00
0.00 0.05 0.00
0.00 0.00 0.00
0.00 0.00 0.00
0.00 0.00 0.00
0.00 0.00 0.00
0.00 0.00 0.00
0.00 0.00 0.00
0.00 0.00 0.00
0.00 0.00 0.00
0.00 0.00 0.00
0.00 0.00 0.00
0.00 0.00 0.00
0.00 0.00 0.00
0.00 0.00 0.00
0.00 0.00 0.00
0.00 0.00 0.00

Inferred phi:
0.00 0.00 0.00
0.00 0.00 0.00
0.00 0.00 0.00
0.01 0.00 0.00
0.00 0.00 0.00
0.00 0.00 0.00
0.00 0.00 0.00
0.00 0.00 0.00
0.00 0.00 0.00
0.00 0.00 0.00
0.00 0.00 0.00
0.01 0.00 0.00
0.00 0.00 0.00
0.00 0.00 0.00
0.00 0.03 0.00
0.00 0.00 0.00
0.00 0.00 0.00
0.00 0.00 0.00
0.00 0.00 0.00
0.00 0.00 0.00
0.00 0.00 0.00
0.00 0.00 0.00
0.00 0.00 0.00
0.00 0.00 0.00
0.00 0.00 0.00
0.00 0.00 0.00
0.00 0.00 0.00
0.00 0.00 0.00
0.00 0.00 0.00
0.00 0.00 0.00


acceptance rate, G:
0.29 0.29 0.29
0.32 0.32 0.32
0.31 0.31 0.31
0.27 0.27 0.27
0.50 0.50 0.50
0.39 0.39 0.39
0.44 0.44 0.44
0.30 0.30 0.30
0.44 0.44 0.44
0.26 0.26 0.26
0.35 0.35 0.35
0.46 0.46 0.46
0.44 0.44 0.44
0.41 0.41 0.41
0.36 0.36 0.36
0.30 0.30 0.30
0.39 0.39 0.39
0.39 0.39 0.39
0.33 0.33 0.33
0.44 0.44 0.44
0.43 0.43 0.43
0.45 0.45 0.45
0.34 0.34 0.34
0.32 0.32 0.32
0.36 0.36 0.36
0.25 0.25 0.25
0.35 0.35 0.35
0.33 0.33 0.33
0.42 0.42 0.42
0.46 0.46 0.46
0.43 0.43 0.43
0.30 0.30 0.30
0.36 0.36 0.36
0.41 0.41 0.41
0.32 0.32 0.32
0.41 0.41 0.41
0.45 0.45 0.45
0.36 0.36 0.36
0.34 0.34 0.34
0.38 0.38 0.38
0.35 0.35 0.35
0.43 0.43 0.43
0.32 0.32 0.32
0.30 0.30 0.30
0.22 0.22 0.22
0.40 0.40 0.40
0.41 0.41 0.41
0.31 0.31 0.31
0.26 0.26 0.26
0.42 0.42 0.42

acceptance rate, phi:
0.11 0.17 0.12
0.11 0.15 0.08
0.07 0.17 0.19
0.27 0.11 0.10
0.14 0.06 0.11
0.11 0.13 0.17
0.16 0.20 0.17
0.17 0.14 0.23
0.08 0.16 0.21
0.14 0.10 0.20
0.29 0.11 0.26
0.16 0.17 0.19
0.15 0.10 0.17
0.15 0.21 0.10
0.31 0.58 0.21
0.10 0.15 0.17
0.08 0.19 0.22
0.11 0.18 0.14
0.11 0.22 0.10
0.16 0.24 0.12
0.19 0.17 0.21
0.14 0.12 0.17
0.24 0.14 0.15
0.20 0.19 0.12
0.08 0.17 0.18
0.17 0.11 0.22
0.18 0.22 0.14
0.14 0.15 0.10
0.09 0.26 0.14
0.09 0.19 0.16


sigma phi: 
0.00 0.00 0.00
0.00 0.00 0.00
0.00 0.00 0.00
0.00 0.00 0.00
0.00 0.00 0.00
0.00 0.00 0.00
0.00 0.00 0.00
0.00 0.00 0.00
0.00 0.00 0.00
0.00 0.00 0.00
0.00 0.00 0.00
0.00 0.00 0.00
0.00 0.00 0.00
0.00 0.00 0.00
0.00 0.00 0.00
0.00 0.00 0.00
0.00 0.00 0.00
0.00 0.00 0.00
0.00 0.00 0.00
0.00 0.00 0.00
0.00 0.00 0.00
0.00 0.00 0.00
0.00 0.00 0.00
0.00 0.00 0.00
0.00 0.00 0.00
0.00 0.00 0.00
0.00 0.00 0.00
0.00 0.00 0.00
0.00 0.00 0.00
0.00 0.00 0.00

sigma G:
1.91 1.91 1.91
1.68 1.68 1.68
1.89 1.89 1.89
1.39 1.39 1.39
3.99 3.99 3.99
3.10 3.10 3.10
2.94 2.94 2.94
1.19 1.19 1.19
2.66 2.66 2.66
2.16 2.16 2.16
1.80 1.80 1.80
4.04 4.04 4.04
2.52 2.52 2.52
2.93 2.93 2.93
2.30 2.30 2.30
2.07 2.07 2.07
3.46 3.46 3.46
2.40 2.40 2.40
2.62 2.62 2.62
4.09 4.09 4.09
3.95 3.95 3.95
4.58 4.58 4.58
1.78 1.78 1.78
2.35 2.35 2.35
1.94 1.94 1.94
1.14 1.14 1.14
2.48 2.48 2.48
2.19 2.19 2.19
2.35 2.35 2.35
4.23 4.23 4.23
2.62 2.62 2.62
1.92 1.92 1.92
2.30 2.30 2.30
2.57 2.57 2.57
2.37 2.37 2.37
2.37 2.37 2.37
2.04 2.04 2.04
2.59 2.59 2.59
2.06 2.06 2.06
2.39 2.39 2.39
1.88 1.88 1.88
2.41 2.41 2.41
2.55 2.55 2.55
1.54 1.54 1.54
1.30 1.30 1.30
3.22 3.22 3.22
2.90 2.90 2.90
2.46 2.46 2.46
1.71 1.71 1.71
2.11 2.11 2.11

sigma n:
2.30
1.50
2.10
2.50
1.50
1.70
1.90
2.10
1.70
1.90
1.60
2.10
2.10
1.70
2.20
1.40
1.70
1.70
2.10
2.10
1.30
1.80
2.50
1.70
2.40
2.30
2.40
1.80
2.60
1.80
1.70
2.30
2.60
1.40
2.40
2.40
2.00
1.70
2.70
1.90
1.60
1.70
2.80
2.40
2.70
1.70
1.60
1.90
1.40
2.90


pi:
0.62 0.83 0.37
0.89 0.51 0.47
0.16 0.29 0.66
0.23 0.93 0.60
0.25 0.80 0.73
0.10 0.10 0.37
0.63 0.04 0.46
0.06 0.74 0.18
0.98 0.85 0.34
0.69 0.12 0.79
0.79 0.18 0.82
0.75 0.97 0.38
0.28 0.15 0.67
0.69 0.61 0.21
0.09 0.97 0.36
0.49 0.91 0.05
0.88 0.47 0.88
0.99 0.16 0.18
0.13 0.09 0.47
0.03 0.75 0.43
0.74 0.16 0.63
0.75 0.86 0.13
0.20 0.11 0.19
0.52 0.08 0.69
0.21 0.90 0.42
0.92 0.50 0.06
0.78 0.82 0.39
0.02 0.18 0.14
0.43 0.02 0.77
0.23 0.32 0.44
0.85 0.15 0.72
0.21 0.01 0.40
0.55 0.05 0.60
0.80 0.12 0.40
0.94 0.14 0.13
0.33 0.60 0.22
0.45 0.57 0.20
0.20 0.88 0.67
0.78 0.81 0.80
0.88 0.63 0.43
0.09 0.61 0.68
0.62 0.60 0.16
0.85 0.06 0.33
0.03 0.78 0.24
0.70 0.25 0.91
0.38 0.63 0.71
0.70 0.14 0.27
0.63 0.82 0.53
0.11 0.77 0.15
0.53 0.90 0.08

Inferred pi:
0.38 0.62 0.34
0.38 0.59 0.45
0.32 0.44 0.65
0.30 0.65 0.32
0.51 0.53 0.63
0.34 0.44 0.61
0.25 0.67 0.59
0.33 0.71 0.50
0.45 0.68 0.50
0.36 0.43 0.49
0.37 0.57 0.44
0.42 0.69 0.55
0.41 0.68 0.62
0.31 0.67 0.63
0.34 0.65 0.61
0.40 0.61 0.41
0.38 0.56 0.53
0.38 0.62 0.34
0.32 0.56 0.59
0.43 0.55 0.64
0.52 0.50 0.66
0.67 0.56 0.65
0.34 0.64 0.52
0.38 0.59 0.69
0.32 0.61 0.64
0.30 0.61 0.32
0.35 0.63 0.39
0.42 0.65 0.30
0.41 0.62 0.56
0.52 0.51 0.54
0.32 0.60 0.40
0.35 0.37 0.64
0.34 0.60 0.62
0.34 0.62 0.59
0.30 0.59 0.42
0.41 0.56 0.47
0.41 0.65 0.53
0.39 0.52 0.63
0.34 0.38 0.69
0.32 0.59 0.53
0.39 0.47 0.41
0.35 0.49 0.61
0.38 0.50 0.32
0.38 0.69 0.36
0.36 0.58 0.46
0.35 0.61 0.68
0.32 0.61 0.57
0.42 0.43 0.64
0.27 0.61 0.36
0.31 0.62 0.56


B:
2.60 3.32 1.92 0.09 0.28 6.35 0.00 0.00 13.33 0.38
0.76 0.02 1.08 0.01 0.00 2.68 0.12 0.01 8.40 0.12
0.78 0.46 1.23 0.00 0.00 11.98 0.02 0.58 10.16 2.64

Inferred B:
3.62 4.67 0.39 1.99 0.89 4.23 1.01 0.05 8.47 0.98
1.18 0.38 1.86 0.01 0.05 3.43 0.01 0.05 8.29 0.16
0.44 0.76 0.86 0.00 0.08 10.75 0.25 0.39 9.95 2.15


sigma B: 
0.24 0.31 0.15 0.02 0.08 0.44 0.06 0.06 0.31 0.24
0.30 0.35 0.33 0.02 0.06 0.42 0.04 0.09 0.32 0.21
0.24 0.28 0.30 0.02 0.04 0.40 0.04 0.10 0.38 0.29


acceptance rate, B:
0.62 0.65 0.59 0.15 0.32 0.79 0.36 0.14 0.80 0.47
0.65 0.64 0.70 0.06 0.21 0.78 0.21 0.24 0.81 0.42
0.58 0.58 0.69 0.03 0.09 0.76 0.26 0.33 0.82 0.57


Y:
28.00 23.00 25.00 0.00 0.00 34.00 0.00 0.00 146.00 2.00
7.00 0.00 6.00 0.00 0.00 113.00 0.00 0.00 207.00 19.00
5.00 1.00 20.00 0.00 0.00 262.00 12.00 7.00 139.00 30.00
79.00 3.00 21.00 0.00 0.00 85.00 0.00 0.00 177.00 1.00
36.00 36.00 0.00 0.00 0.00 128.00 0.00 0.00 155.00 25.00
52.00 0.00 1.00 5.00 0.00 166.00 0.00 1.00 148.00 20.00
21.00 18.00 10.00 0.00 0.00 105.00 0.00 24.00 96.00 7.00
12.00 0.00 32.00 0.00 0.00 136.00 0.00 3.00 232.00 0.00
43.00 37.00 51.00 0.00 0.00 127.00 0.00 0.00 232.00 10.00
22.00 9.00 18.00 0.00 0.00 129.00 0.00 19.00 149.00 27.00
4.00 3.00 14.00 0.00 0.00 90.00 0.00 2.00 199.00 0.00
42.00 41.00 21.00 0.00 0.00 94.00 9.00 1.00 250.00 2.00
46.00 16.00 33.00 0.00 0.00 134.00 0.00 6.00 230.00 52.00
9.00 26.00 13.00 0.00 0.00 163.00 0.00 0.00 168.00 2.00
38.00 1.00 101.00 0.00 0.00 89.00 0.00 14.00 201.00 1.00
13.00 1.00 19.00 0.00 0.00 40.00 0.00 0.00 140.00 0.00
29.00 45.00 21.00 0.00 0.00 129.00 0.00 4.00 143.00 1.00
21.00 3.00 30.00 6.00 0.00 104.00 0.00 0.00 194.00 0.00
7.00 2.00 9.00 0.00 0.00 196.00 3.00 9.00 272.00 9.00
16.00 25.00 8.00 0.00 3.00 195.00 0.00 0.00 233.00 39.00
66.00 10.00 1.00 0.00 0.00 130.00 0.00 0.00 248.00 10.00
39.00 43.00 3.00 0.00 4.00 70.00 0.00 0.00 230.00 24.00
37.00 1.00 38.00 0.00 0.00 144.00 0.00 1.00 148.00 74.00
1.00 10.00 7.00 0.00 0.00 268.00 0.00 18.00 159.00 26.00
33.00 1.00 30.00 0.00 0.00 243.00 4.00 0.00 183.00 80.00
14.00 10.00 78.00 0.00 0.00 72.00 0.00 0.00 180.00 0.00
18.00 66.00 19.00 0.00 0.00 77.00 0.00 0.00 224.00 0.00
41.00 38.00 22.00 0.00 0.00 49.00 0.00 0.00 77.00 0.00
52.00 108.00 24.00 0.00 0.00 106.00 0.00 1.00 245.00 4.00
46.00 90.00 7.00 0.00 5.00 191.00 0.00 0.00 226.00 0.00
24.00 20.00 64.00 0.00 0.00 118.00 0.00 0.00 191.00 0.00
10.00 16.00 99.00 0.00 0.00 238.00 10.00 2.00 339.00 57.00
17.00 25.00 16.00 0.00 0.00 189.00 0.00 1.00 364.00 33.00
13.00 9.00 9.00 0.00 0.00 63.00 0.00 0.00 263.00 16.00
33.00 26.00 11.00 0.00 0.00 121.00 0.00 0.00 162.00 1.00
108.00 37.00 16.00 0.00 0.00 127.00 0.00 0.00 408.00 18.00
81.00 39.00 38.00 0.00 0.00 125.00 0.00 0.00 173.00 15.00
12.00 29.00 9.00 0.00 0.00 209.00 0.00 0.00 183.00 60.00
29.00 72.00 1.00 0.00 0.00 359.00 0.00 9.00 199.00 7.00
4.00 3.00 40.00 0.00 0.00 95.00 1.00 13.00 185.00 27.00
14.00 9.00 33.00 0.00 0.00 74.00 0.00 3.00 151.00 6.00
14.00 12.00 10.00 0.00 0.00 121.00 0.00 0.00 181.00 3.00
98.00 107.00 110.00 1.00 1.00 110.00 0.00 0.00 347.00 57.00
15.00 41.00 25.00 0.00 0.00 59.00 0.00 0.00 198.00 0.00
9.00 0.00 2.00 0.00 0.00 161.00 0.00 1.00 300.00 11.00
12.00 9.00 12.00 0.00 0.00 75.00 0.00 2.00 186.00 31.00
6.00 9.00 10.00 0.00 0.00 106.00 0.00 6.00 76.00 7.00
2.00 19.00 7.00 0.00 0.00 178.00 0.00 7.00 212.00 65.00
2.00 0.00 1.00 0.00 0.00 46.00 0.00 2.00 197.00 0.00
27.00 21.00 46.00 0.00 0.00 172.00 0.00 4.00 224.00 27.00


A:
0.00 0.00 0.00 0.00 0.00 0.00 0.00 0.00 0.00 0.00 0.00 0.00 0.00 0.00 0.00 0.00 0.00 0.00 0.00 0.00 0.00 0.00 0.00 0.00 0.00 0.00 0.00 0.00 0.00 0.00 0.00 0.00 0.00 0.00 0.00 0.00 0.00 0.00 0.00 0.00 0.00 0.00 0.00 0.00 0.00 0.00 0.00 0.00 0.00 0.00
0.00 0.00 0.00 0.00 0.00 0.00 0.00 0.00 0.00 0.00 0.00 0.00 0.00 0.00 0.00 0.00 0.00 0.00 0.00 0.00 0.00 0.00 0.00 0.00 0.00 0.00 0.00 0.00 0.00 0.00 0.00 0.00 0.00 0.00 0.00 0.00 0.00 0.00 0.00 0.00 0.00 0.00 0.00 0.00 0.00 0.00 0.00 0.00 0.00 0.00
0.00 0.00 0.00 0.00 0.00 0.00 0.00 0.00 0.00 0.00 0.00 0.00 0.00 0.00 0.00 0.00 0.00 0.00 0.00 0.00 0.00 0.00 0.00 0.00 0.00 0.00 0.00 0.00 0.00 0.00 0.00 0.00 0.00 0.00 0.00 0.00 0.00 0.00 0.00 0.00 0.00 0.00 0.00 0.00 0.00 0.00 0.00 0.00 0.00 0.00
0.00 0.00 0.00 0.00 0.00 0.00 0.00 0.00 0.00 0.00 0.00 0.00 0.00 0.00 0.00 0.00 0.00 0.00 0.00 0.00 0.00 0.00 0.00 0.00 0.00 0.00 0.00 0.00 0.00 0.00 0.00 0.00 0.00 0.00 0.00 0.00 0.00 0.00 0.00 0.00 0.00 0.00 0.00 0.00 0.00 0.00 0.00 0.00 0.00 0.00
0.00 0.00 0.00 0.00 0.00 0.00 0.00 0.00 0.00 0.00 0.00 0.00 0.00 0.00 0.00 0.00 0.00 0.00 0.00 0.00 0.00 0.00 0.00 0.00 0.00 0.00 0.00 0.00 0.00 0.00 0.00 0.00 0.00 0.00 0.00 0.00 0.00 0.00 0.00 0.00 0.00 0.00 0.00 0.00 0.00 0.00 0.00 0.00 0.00 0.00
0.00 0.00 0.00 0.00 0.00 0.00 0.00 0.00 0.00 0.00 0.00 0.00 0.00 0.00 0.00 0.00 0.00 0.00 0.00 0.00 0.00 0.00 0.00 0.00 0.00 0.00 0.00 0.00 0.00 0.00 0.00 0.00 0.00 0.00 0.00 0.00 0.00 0.00 0.00 0.00 0.00 0.00 0.00 0.00 0.00 0.00 0.00 0.00 0.00 0.00
0.00 0.00 0.00 0.00 0.00 0.00 0.00 0.00 0.00 0.00 0.00 0.00 0.00 0.00 0.00 0.00 0.00 0.00 0.00 0.00 0.00 0.00 0.00 0.00 0.00 0.00 0.00 0.00 0.00 0.00 0.00 0.00 0.00 0.00 0.00 0.00 0.00 0.00 0.00 0.00 0.00 0.00 0.00 0.00 0.00 0.00 0.00 0.00 0.00 0.00
0.00 0.00 0.00 0.00 0.00 0.00 0.00 0.00 0.00 0.00 0.00 0.00 0.00 0.00 0.00 0.00 0.00 0.00 0.00 0.00 0.00 0.00 0.00 0.00 0.00 0.00 0.00 0.00 0.00 0.00 0.00 0.00 0.00 0.00 0.00 0.00 0.00 0.00 0.00 0.00 0.00 0.00 0.00 0.00 0.00 0.00 0.00 0.00 0.00 0.00
0.00 0.00 0.00 0.00 0.00 0.00 0.00 0.00 0.00 0.00 0.00 0.00 0.00 0.00 0.00 0.00 0.00 0.00 0.00 0.00 0.00 0.00 0.00 0.00 0.00 0.00 0.00 0.00 0.00 0.00 0.00 0.00 0.00 0.00 0.00 0.00 0.00 0.00 0.00 0.00 0.00 0.00 0.00 0.00 0.00 0.00 0.00 0.00 0.00 0.00
0.00 0.00 0.00 0.00 0.00 0.00 0.00 0.00 0.00 0.00 0.00 0.00 0.00 0.00 0.00 0.00 0.00 0.00 0.00 0.00 0.00 0.00 0.00 0.00 0.00 0.00 0.00 0.00 0.00 0.00 0.00 0.00 0.00 0.00 0.00 0.00 0.00 0.00 0.00 0.00 0.00 0.00 0.00 0.00 0.00 0.00 0.00 0.00 0.00 0.00
0.00 0.00 0.00 0.00 0.00 0.00 0.00 0.00 0.00 0.00 0.00 0.00 0.00 0.00 0.00 0.00 0.00 0.00 0.00 0.00 0.00 0.00 0.00 0.00 0.00 0.00 0.00 0.00 0.00 0.00 0.00 0.00 0.00 0.00 0.00 0.00 0.00 0.00 0.00 0.00 0.00 0.00 0.00 0.00 0.00 0.00 0.00 0.00 0.00 0.00
0.00 0.00 0.00 0.00 0.00 0.00 0.00 0.00 0.00 0.00 0.00 0.00 0.00 0.00 0.00 0.00 0.00 0.00 0.00 0.00 0.00 0.00 0.00 0.00 0.00 0.00 0.00 0.00 0.00 0.00 0.00 0.00 0.00 0.00 0.00 0.00 0.00 0.00 0.00 0.00 0.00 0.00 0.00 0.00 0.00 0.00 0.00 0.00 0.00 0.00
0.00 0.00 0.00 0.00 0.00 0.00 0.00 0.00 0.00 0.00 0.00 0.00 0.00 0.00 0.00 0.00 0.00 0.00 0.00 0.00 0.00 0.00 0.00 0.00 0.00 0.00 0.00 0.00 0.00 0.00 0.00 0.00 0.00 0.00 0.00 0.00 0.00 0.00 0.00 0.00 0.00 0.00 0.00 0.00 0.00 0.00 0.00 0.00 0.00 0.00
0.00 0.00 0.00 0.00 0.00 0.00 0.00 0.00 0.00 0.00 0.00 0.00 0.00 0.00 0.00 0.00 0.00 0.00 0.00 0.00 0.00 0.00 0.00 0.00 0.00 0.00 0.00 0.00 0.00 0.00 0.00 0.00 0.00 0.00 0.00 0.00 0.00 0.00 0.00 0.00 0.00 0.00 0.00 0.00 0.00 0.00 0.00 0.00 0.00 0.00
1.00 1.00 0.00 1.00 1.00 0.00 0.00 0.00 0.00 0.00 1.00 0.00 0.00 1.00 0.00 0.00 0.00 0.00 0.00 0.00 0.00 0.00 1.00 1.00 0.00 1.00 1.00 0.00 1.00 0.00 0.00 0.00 0.00 0.00 0.00 0.00 0.00 0.00 0.00 2.00 1.00 0.00 1.00 1.00 0.00 0.00 0.00 0.00 0.00 1.00
0.00 0.00 0.00 0.00 0.00 0.00 0.00 0.00 0.00 0.00 0.00 0.00 0.00 0.00 0.00 0.00 0.00 0.00 0.00 0.00 0.00 0.00 0.00 0.00 0.00 0.00 0.00 0.00 0.00 0.00 0.00 0.00 0.00 0.00 0.00 0.00 0.00 0.00 0.00 0.00 0.00 0.00 0.00 0.00 0.00 0.00 0.00 0.00 0.00 0.00
0.00 0.00 0.00 0.00 0.00 0.00 0.00 0.00 0.00 0.00 0.00 0.00 0.00 0.00 0.00 0.00 0.00 0.00 0.00 0.00 0.00 0.00 0.00 0.00 0.00 0.00 0.00 0.00 0.00 0.00 0.00 0.00 0.00 0.00 0.00 0.00 0.00 0.00 0.00 0.00 0.00 0.00 0.00 0.00 0.00 0.00 0.00 0.00 0.00 0.00
0.00 0.00 0.00 0.00 0.00 0.00 0.00 0.00 0.00 0.00 0.00 0.00 0.00 0.00 0.00 0.00 0.00 0.00 0.00 0.00 0.00 0.00 0.00 0.00 0.00 0.00 0.00 0.00 0.00 0.00 0.00 0.00 0.00 0.00 0.00 0.00 0.00 0.00 0.00 0.00 0.00 0.00 0.00 0.00 0.00 0.00 0.00 0.00 0.00 0.00
0.00 0.00 0.00 0.00 0.00 0.00 0.00 0.00 0.00 0.00 0.00 0.00 0.00 0.00 0.00 0.00 0.00 0.00 0.00 0.00 0.00 0.00 0.00 0.00 0.00 0.00 0.00 0.00 0.00 0.00 0.00 0.00 0.00 0.00 0.00 0.00 0.00 0.00 0.00 0.00 0.00 0.00 0.00 0.00 0.00 0.00 0.00 0.00 0.00 0.00
0.00 0.00 0.00 0.00 0.00 0.00 0.00 0.00 0.00 0.00 0.00 0.00 0.00 0.00 0.00 0.00 0.00 0.00 0.00 0.00 0.00 0.00 0.00 0.00 0.00 0.00 0.00 0.00 0.00 0.00 0.00 0.00 0.00 0.00 0.00 0.00 0.00 0.00 0.00 0.00 0.00 0.00 0.00 0.00 0.00 0.00 0.00 0.00 0.00 0.00
0.00 0.00 0.00 0.00 0.00 0.00 0.00 0.00 0.00 0.00 0.00 0.00 0.00 0.00 0.00 0.00 0.00 0.00 0.00 0.00 0.00 0.00 0.00 0.00 0.00 0.00 0.00 0.00 0.00 0.00 0.00 0.00 0.00 0.00 0.00 0.00 0.00 0.00 0.00 0.00 0.00 0.00 0.00 0.00 0.00 0.00 0.00 0.00 0.00 0.00
0.00 0.00 0.00 0.00 0.00 0.00 0.00 0.00 0.00 0.00 0.00 0.00 0.00 0.00 0.00 0.00 0.00 0.00 0.00 0.00 0.00 0.00 0.00 0.00 0.00 0.00 0.00 0.00 0.00 0.00 0.00 0.00 0.00 0.00 0.00 0.00 0.00 0.00 0.00 0.00 0.00 0.00 0.00 0.00 0.00 0.00 0.00 0.00 0.00 0.00
0.00 0.00 0.00 0.00 0.00 0.00 0.00 0.00 0.00 0.00 0.00 0.00 0.00 0.00 0.00 0.00 0.00 0.00 0.00 0.00 0.00 0.00 0.00 0.00 0.00 0.00 0.00 0.00 0.00 0.00 0.00 0.00 0.00 0.00 0.00 0.00 0.00 0.00 0.00 0.00 0.00 0.00 0.00 0.00 0.00 0.00 0.00 0.00 0.00 0.00
0.00 0.00 0.00 0.00 0.00 0.00 0.00 0.00 0.00 0.00 0.00 0.00 0.00 0.00 0.00 0.00 0.00 0.00 0.00 0.00 0.00 0.00 0.00 0.00 0.00 0.00 0.00 0.00 0.00 0.00 0.00 0.00 0.00 0.00 0.00 0.00 0.00 0.00 0.00 0.00 0.00 0.00 0.00 0.00 0.00 0.00 0.00 0.00 0.00 0.00
0.00 0.00 0.00 0.00 0.00 0.00 0.00 0.00 0.00 0.00 0.00 0.00 0.00 0.00 0.00 0.00 0.00 0.00 0.00 0.00 0.00 0.00 0.00 0.00 0.00 0.00 0.00 0.00 0.00 0.00 0.00 0.00 0.00 0.00 0.00 0.00 0.00 0.00 0.00 0.00 0.00 0.00 0.00 0.00 0.00 0.00 0.00 0.00 0.00 0.00
0.00 0.00 0.00 0.00 0.00 0.00 0.00 0.00 0.00 0.00 0.00 0.00 0.00 0.00 0.00 0.00 0.00 0.00 0.00 0.00 0.00 0.00 0.00 0.00 0.00 0.00 0.00 0.00 0.00 0.00 0.00 0.00 0.00 0.00 0.00 0.00 0.00 0.00 0.00 0.00 0.00 0.00 0.00 0.00 0.00 0.00 0.00 0.00 0.00 0.00
0.00 0.00 0.00 0.00 0.00 0.00 0.00 0.00 0.00 0.00 0.00 0.00 0.00 0.00 0.00 0.00 0.00 0.00 0.00 0.00 0.00 0.00 0.00 0.00 0.00 0.00 0.00 0.00 0.00 0.00 0.00 0.00 0.00 0.00 0.00 0.00 0.00 0.00 0.00 0.00 0.00 0.00 0.00 0.00 0.00 0.00 0.00 0.00 0.00 0.00
0.00 0.00 0.00 0.00 0.00 0.00 0.00 0.00 0.00 0.00 0.00 0.00 0.00 0.00 0.00 0.00 0.00 0.00 0.00 0.00 0.00 0.00 0.00 0.00 0.00 0.00 0.00 0.00 0.00 0.00 0.00 0.00 0.00 0.00 0.00 0.00 0.00 0.00 0.00 0.00 0.00 0.00 0.00 0.00 0.00 0.00 0.00 0.00 0.00 0.00
0.00 0.00 0.00 0.00 0.00 0.00 0.00 0.00 0.00 0.00 0.00 0.00 0.00 0.00 0.00 0.00 0.00 0.00 0.00 0.00 0.00 0.00 0.00 0.00 0.00 0.00 0.00 0.00 0.00 0.00 0.00 0.00 0.00 0.00 0.00 0.00 0.00 0.00 0.00 0.00 0.00 0.00 0.00 0.00 0.00 0.00 0.00 0.00 0.00 0.00
0.00 0.00 0.00 0.00 0.00 0.00 0.00 0.00 0.00 0.00 0.00 0.00 0.00 0.00 0.00 0.00 0.00 0.00 0.00 0.00 0.00 0.00 0.00 0.00 0.00 0.00 0.00 0.00 0.00 0.00 0.00 0.00 0.00 0.00 0.00 0.00 0.00 0.00 0.00 0.00 0.00 0.00 0.00 0.00 0.00 0.00 0.00 0.00 0.00 0.00

D:
0.00 0.00 0.00 0.00 0.00 0.00 0.00 0.00 0.00 0.00 0.00 0.00 0.00 0.00 0.00 0.00 0.00 0.00 0.00 0.00 0.00 0.00 0.00 0.00 0.00 0.00 0.00 0.00 0.00 0.00 0.00 0.00 0.00 0.00 0.00 0.00 0.00 0.00 0.00 0.00 0.00 0.00 0.00 0.00 0.00 0.00 0.00 0.00 0.00 0.00
0.00 0.00 0.00 0.00 0.00 0.00 0.00 0.00 0.00 0.00 0.00 0.00 0.00 0.00 0.00 0.00 0.00 0.00 0.00 0.00 0.00 0.00 0.00 0.00 0.00 0.00 0.00 0.00 0.00 0.00 0.00 0.00 0.00 0.00 0.00 0.00 0.00 0.00 0.00 0.00 0.00 0.00 0.00 0.00 0.00 0.00 0.00 0.00 0.00 0.00
0.00 0.00 0.00 0.00 0.00 0.00 0.00 0.00 0.00 0.00 0.00 0.00 0.00 0.00 0.00 0.00 0.00 0.00 0.00 0.00 0.00 0.00 0.00 0.00 0.00 0.00 0.00 0.00 0.00 0.00 0.00 0.00 0.00 0.00 0.00 0.00 0.00 0.00 0.00 0.00 0.00 0.00 0.00 0.00 0.00 0.00 0.00 0.00 0.00 0.00
0.00 0.00 0.00 0.00 0.00 0.00 0.00 0.00 0.00 0.00 0.00 0.00 0.00 0.00 0.00 0.00 0.00 0.00 0.00 0.00 0.00 0.00 0.00 0.00 0.00 0.00 0.00 0.00 0.00 0.00 0.00 0.00 0.00 0.00 0.00 0.00 0.00 0.00 0.00 0.00 0.00 0.00 0.00 0.00 0.00 0.00 0.00 0.00 0.00 0.00
0.00 0.00 0.00 0.00 0.00 0.00 0.00 0.00 0.00 0.00 0.00 0.00 0.00 0.00 0.00 0.00 0.00 0.00 0.00 0.00 0.00 0.00 0.00 0.00 0.00 0.00 0.00 0.00 0.00 0.00 0.00 0.00 0.00 0.00 0.00 0.00 0.00 0.00 0.00 0.00 0.00 0.00 0.00 0.00 0.00 0.00 0.00 0.00 0.00 0.00
0.00 0.00 0.00 0.00 0.00 0.00 0.00 0.00 0.00 0.00 0.00 0.00 0.00 0.00 0.00 0.00 0.00 0.00 0.00 0.00 0.00 0.00 0.00 0.00 0.00 0.00 0.00 0.00 0.00 0.00 0.00 0.00 0.00 0.00 0.00 0.00 0.00 0.00 0.00 0.00 0.00 0.00 0.00 0.00 0.00 0.00 0.00 0.00 0.00 0.00
0.00 0.00 0.00 0.00 0.00 0.00 0.00 0.00 0.00 0.00 0.00 0.00 0.00 0.00 0.00 0.00 0.00 0.00 0.00 0.00 0.00 0.00 0.00 0.00 0.00 0.00 0.00 0.00 0.00 0.00 0.00 0.00 0.00 0.00 0.00 0.00 0.00 0.00 0.00 0.00 0.00 0.00 0.00 0.00 0.00 0.00 0.00 0.00 0.00 0.00
0.00 0.00 0.00 0.00 0.00 0.00 0.00 0.00 0.00 0.00 0.00 0.00 0.00 0.00 0.00 0.00 0.00 0.00 0.00 0.00 0.00 0.00 0.00 0.00 0.00 0.00 0.00 0.00 0.00 0.00 0.00 0.00 0.00 0.00 0.00 0.00 0.00 0.00 0.00 0.00 0.00 0.00 0.00 0.00 0.00 0.00 0.00 0.00 0.00 0.00
0.00 0.00 0.00 0.00 0.00 0.00 0.00 0.00 0.00 0.00 0.00 0.00 0.00 0.00 0.00 0.00 0.00 0.00 0.00 0.00 0.00 0.00 0.00 0.00 0.00 0.00 0.00 0.00 0.00 0.00 0.00 0.00 0.00 0.00 0.00 0.00 0.00 0.00 0.00 0.00 0.00 0.00 0.00 0.00 0.00 0.00 0.00 0.00 0.00 0.00
0.00 0.00 0.00 0.00 0.00 0.00 0.00 0.00 0.00 0.00 0.00 0.00 0.00 0.00 0.00 0.00 0.00 0.00 0.00 0.00 0.00 0.00 0.00 0.00 0.00 0.00 0.00 0.00 0.00 0.00 0.00 0.00 0.00 0.00 0.00 0.00 0.00 0.00 0.00 0.00 0.00 0.00 0.00 0.00 0.00 0.00 0.00 0.00 0.00 0.00
0.00 0.00 0.00 0.00 0.00 0.00 0.00 0.00 0.00 0.00 0.00 0.00 0.00 0.00 0.00 0.00 0.00 0.00 0.00 0.00 0.00 0.00 0.00 0.00 0.00 0.00 0.00 0.00 0.00 0.00 0.00 0.00 0.00 0.00 0.00 0.00 0.00 0.00 0.00 0.00 0.00 0.00 0.00 0.00 0.00 0.00 0.00 0.00 0.00 0.00
0.00 0.00 0.00 0.00 0.00 0.00 0.00 0.00 0.00 0.00 0.00 0.00 0.00 0.00 0.00 0.00 0.00 0.00 0.00 0.00 0.00 0.00 0.00 0.00 0.00 0.00 0.00 0.00 0.00 0.00 0.00 0.00 0.00 0.00 0.00 0.00 0.00 0.00 0.00 0.00 0.00 0.00 0.00 0.00 0.00 0.00 0.00 0.00 0.00 0.00
0.00 0.00 0.00 0.00 0.00 0.00 0.00 0.00 0.00 0.00 0.00 0.00 0.00 0.00 0.00 0.00 0.00 0.00 0.00 0.00 0.00 0.00 0.00 0.00 0.00 0.00 0.00 0.00 0.00 0.00 0.00 0.00 0.00 0.00 0.00 0.00 0.00 0.00 0.00 0.00 0.00 0.00 0.00 0.00 0.00 0.00 0.00 0.00 0.00 0.00
0.00 0.00 0.00 0.00 0.00 0.00 0.00 0.00 0.00 0.00 0.00 0.00 0.00 0.00 0.00 0.00 0.00 0.00 0.00 0.00 0.00 0.00 0.00 0.00 0.00 0.00 0.00 0.00 0.00 0.00 0.00 0.00 0.00 0.00 0.00 0.00 0.00 0.00 0.00 0.00 0.00 0.00 0.00 0.00 0.00 0.00 0.00 0.00 0.00 0.00
1.00 1.00 0.00 1.00 1.00 0.00 0.00 0.00 0.00 0.00 1.00 0.00 0.00 1.00 0.00 0.00 0.00 0.00 0.00 0.00 0.00 0.00 1.00 1.00 0.00 1.00 1.00 0.00 1.00 0.00 0.00 0.00 0.00 0.00 0.00 0.00 0.00 0.00 0.00 2.00 1.00 0.00 1.00 1.00 0.00 0.00 0.00 0.00 0.00 1.00
0.00 0.00 0.00 0.00 0.00 0.00 0.00 0.00 0.00 0.00 0.00 0.00 0.00 0.00 0.00 0.00 0.00 0.00 0.00 0.00 0.00 0.00 0.00 0.00 0.00 0.00 0.00 0.00 0.00 0.00 0.00 0.00 0.00 0.00 0.00 0.00 0.00 0.00 0.00 0.00 0.00 0.00 0.00 0.00 0.00 0.00 0.00 0.00 0.00 0.00
0.00 0.00 0.00 0.00 0.00 0.00 0.00 0.00 0.00 0.00 0.00 0.00 0.00 0.00 0.00 0.00 0.00 0.00 0.00 0.00 0.00 0.00 0.00 0.00 0.00 0.00 0.00 0.00 0.00 0.00 0.00 0.00 0.00 0.00 0.00 0.00 0.00 0.00 0.00 0.00 0.00 0.00 0.00 0.00 0.00 0.00 0.00 0.00 0.00 0.00
0.00 0.00 0.00 0.00 0.00 0.00 0.00 0.00 0.00 0.00 0.00 0.00 0.00 0.00 0.00 0.00 0.00 0.00 0.00 0.00 0.00 0.00 0.00 0.00 0.00 0.00 0.00 0.00 0.00 0.00 0.00 0.00 0.00 0.00 0.00 0.00 0.00 0.00 0.00 0.00 0.00 0.00 0.00 0.00 0.00 0.00 0.00 0.00 0.00 0.00
0.00 0.00 0.00 0.00 0.00 0.00 0.00 0.00 0.00 0.00 0.00 0.00 0.00 0.00 0.00 0.00 0.00 0.00 0.00 0.00 0.00 0.00 0.00 0.00 0.00 0.00 0.00 0.00 0.00 0.00 0.00 0.00 0.00 0.00 0.00 0.00 0.00 0.00 0.00 0.00 0.00 0.00 0.00 0.00 0.00 0.00 0.00 0.00 0.00 0.00
0.00 0.00 0.00 0.00 0.00 0.00 0.00 0.00 0.00 0.00 0.00 0.00 0.00 0.00 0.00 0.00 0.00 0.00 0.00 0.00 0.00 0.00 0.00 0.00 0.00 0.00 0.00 0.00 0.00 0.00 0.00 0.00 0.00 0.00 0.00 0.00 0.00 0.00 0.00 0.00 0.00 0.00 0.00 0.00 0.00 0.00 0.00 0.00 0.00 0.00
0.00 0.00 0.00 0.00 0.00 0.00 0.00 0.00 0.00 0.00 0.00 0.00 0.00 0.00 0.00 0.00 0.00 0.00 0.00 0.00 0.00 0.00 0.00 0.00 0.00 0.00 0.00 0.00 0.00 0.00 0.00 0.00 0.00 0.00 0.00 0.00 0.00 0.00 0.00 0.00 0.00 0.00 0.00 0.00 0.00 0.00 0.00 0.00 0.00 0.00
0.00 0.00 0.00 0.00 0.00 0.00 0.00 0.00 0.00 0.00 0.00 0.00 0.00 0.00 0.00 0.00 0.00 0.00 0.00 0.00 0.00 0.00 0.00 0.00 0.00 0.00 0.00 0.00 0.00 0.00 0.00 0.00 0.00 0.00 0.00 0.00 0.00 0.00 0.00 0.00 0.00 0.00 0.00 0.00 0.00 0.00 0.00 0.00 0.00 0.00
0.00 0.00 0.00 0.00 0.00 0.00 0.00 0.00 0.00 0.00 0.00 0.00 0.00 0.00 0.00 0.00 0.00 0.00 0.00 0.00 0.00 0.00 0.00 0.00 0.00 0.00 0.00 0.00 0.00 0.00 0.00 0.00 0.00 0.00 0.00 0.00 0.00 0.00 0.00 0.00 0.00 0.00 0.00 0.00 0.00 0.00 0.00 0.00 0.00 0.00
0.00 0.00 0.00 0.00 0.00 0.00 0.00 0.00 0.00 0.00 0.00 0.00 0.00 0.00 0.00 0.00 0.00 0.00 0.00 0.00 0.00 0.00 0.00 0.00 0.00 0.00 0.00 0.00 0.00 0.00 0.00 0.00 0.00 0.00 0.00 0.00 0.00 0.00 0.00 0.00 0.00 0.00 0.00 0.00 0.00 0.00 0.00 0.00 0.00 0.00
0.00 0.00 0.00 0.00 0.00 0.00 0.00 0.00 0.00 0.00 0.00 0.00 0.00 0.00 0.00 0.00 0.00 0.00 0.00 0.00 0.00 0.00 0.00 0.00 0.00 0.00 0.00 0.00 0.00 0.00 0.00 0.00 0.00 0.00 0.00 0.00 0.00 0.00 0.00 0.00 0.00 0.00 0.00 0.00 0.00 0.00 0.00 0.00 0.00 0.00
0.00 0.00 0.00 0.00 0.00 0.00 0.00 0.00 0.00 0.00 0.00 0.00 0.00 0.00 0.00 0.00 0.00 0.00 0.00 0.00 0.00 0.00 0.00 0.00 0.00 0.00 0.00 0.00 0.00 0.00 0.00 0.00 0.00 0.00 0.00 0.00 0.00 0.00 0.00 0.00 0.00 0.00 0.00 0.00 0.00 0.00 0.00 0.00 0.00 0.00
0.00 0.00 0.00 0.00 0.00 0.00 0.00 0.00 0.00 0.00 0.00 0.00 0.00 0.00 0.00 0.00 0.00 0.00 0.00 0.00 0.00 0.00 0.00 0.00 0.00 0.00 0.00 0.00 0.00 0.00 0.00 0.00 0.00 0.00 0.00 0.00 0.00 0.00 0.00 0.00 0.00 0.00 0.00 0.00 0.00 0.00 0.00 0.00 0.00 0.00
0.00 0.00 0.00 0.00 0.00 0.00 0.00 0.00 0.00 0.00 0.00 0.00 0.00 0.00 0.00 0.00 0.00 0.00 0.00 0.00 0.00 0.00 0.00 0.00 0.00 0.00 0.00 0.00 0.00 0.00 0.00 0.00 0.00 0.00 0.00 0.00 0.00 0.00 0.00 0.00 0.00 0.00 0.00 0.00 0.00 0.00 0.00 0.00 0.00 0.00
0.00 0.00 0.00 0.00 0.00 0.00 0.00 0.00 0.00 0.00 0.00 0.00 0.00 0.00 0.00 0.00 0.00 0.00 0.00 0.00 0.00 0.00 0.00 0.00 0.00 0.00 0.00 0.00 0.00 0.00 0.00 0.00 0.00 0.00 0.00 0.00 0.00 0.00 0.00 0.00 0.00 0.00 0.00 0.00 0.00 0.00 0.00 0.00 0.00 0.00
0.00 0.00 0.00 0.00 0.00 0.00 0.00 0.00 0.00 0.00 0.00 0.00 0.00 0.00 0.00 0.00 0.00 0.00 0.00 0.00 0.00 0.00 0.00 0.00 0.00 0.00 0.00 0.00 0.00 0.00 0.00 0.00 0.00 0.00 0.00 0.00 0.00 0.00 0.00 0.00 0.00 0.00 0.00 0.00 0.00 0.00 0.00 0.00 0.00 0.00


n:
23.00
15.00
21.00
25.00
15.00
17.00
19.00
21.00
17.00
19.00
16.00
21.00
21.00
17.00
22.00
14.00
17.00
17.00
21.00
21.00
13.00
18.00
25.00
17.00
24.00
23.00
24.00
18.00
26.00
18.00
17.00
23.00
26.00
14.00
24.00
24.00
20.00
17.00
27.00
19.00
16.00
17.00
28.00
24.00
27.00
17.00
16.00
19.00
14.00
29.00

Inferred n:
23.00
15.00
21.00
25.00
15.00
17.00
19.00
21.00
17.00
19.00
16.00
21.00
21.00
17.00
22.00
14.00
17.00
17.00
21.00
21.00
13.00
18.00
25.00
17.00
24.00
23.00
24.00
18.00
26.00
18.00
17.00
23.00
26.00
14.00
24.00
24.00
20.00
17.00
27.00
19.00
16.00
17.00
28.00
24.00
27.00
17.00
16.00
19.00
14.00
29.00
