NAME	DESCRIPTION	1	2	3	4	5	6	7
ISG15	na	0.2643733780337433	0.6905375908005633	0.09507386723918491	0.027091394926158318	0.19467701499502915	0.6229459911121902	0.6517452178648133
DVL1	na	0.047262539752072216	0.051989581014419535	0.04192130379710646	0.04094604192810922	0.038239252505225106	0.04348003875931052	0.06077271239677282
ATAD3B	na	0.04436084695139615	0.03972040417090288	0.040732278842399	0.04321358550913111	0.037126445773600976	0.03552958808157164	0.05995678448325357
RERE	na	0.042659379588640016	0.04985590636750096	0.04604346497800019	0.04723905166916765	0.04175820202663187	0.05007418719362442	0.07195655259818481
SLC2A5	na	0.0	0.0	0.0	0.0	0.0	0.0	0.0
CLSTN1	na	0.060809910165656206	0.08501807000023649	0.06277025438526736	0.0429067037269333	0.055873843433055764	0.09144045171838733	0.10458088649694727
EXOSC10	na	0.04626086649000332	0.0463195001094587	0.04170385312635174	0.044791146079179334	0.03801373683476581	0.05022039245831652	0.06020983684431593
PRDM2	na	0.0	0.0	0.0	0.0	0.0	0.0	0.0
EIF4G3	na	0.0328420038143786	0.049315220288290836	0.048557426497112206	0.040760888126680155	0.043393401294053606	0.05124893744109303	0.06767137015289221
CNKSR1	na	0.0	0.0	0.0	0.0	0.0	0.0	0.0
UBXN11	na	0.0	0.0	0.0	0.0	0.0	0.0	0.0
EIF3I	na	0.06636822824463523	0.11030074340477318	0.05967890082186334	0.04534488017527511	0.0596803803763676	0.09206751249875116	0.11257247987695915
THRAP3	na	0.04940351223804739	0.04293904217236632	0.053774179746955815	0.04850047401548774	0.04186079678151849	0.054884108128825555	0.07287798986678055
SNIP1	na	0.02990971457714662	0.04096022027935303	0.04613934412688316	0.037620559251569055	0.036201133182975534	0.04206005685587196	0.059965571883391515
PABPC4	na	0.10256203225939665	0.17099371399383548	0.060001572556373714	0.06969442050071795	0.08149648370223177	0.1637454938669784	0.17450207927090283
CAP1	na	0.12018439283320777	0.2985727871734315	0.07614589923239541	0.04006331335387142	0.1029249046566617	0.24033086809701013	0.27189563617973134
IPP	na	0.0	0.0	0.0	0.0	0.0	0.0	0.0
MAST2	na	0.03362832155907254	0.06385569019916572	0.05637217200159959	0.03287120741764516	0.04279364035499603	0.05368460904611662	0.07279526273159637
PIK3R3	na	0.05589487028556834	0.08830159135529862	0.0507039705673565	0.0691266192303948	0.05769514625871231	0.09245687086307411	0.0929042462079917
NDC1	na	0.038447742485068534	0.03942278228090297	0.04247275942076515	0.050994705436292594	0.040123922429041586	0.049033267543031396	0.06800580007699718
JUN	na	0.07117924521199542	0.11637068044904758	0.07001538564906087	0.03974226059711872	0.06741258661980662	0.11895874772432818	0.14591077619069467
SERBP1	na	0.09893713727656435	0.18771769036790928	0.08227706408305165	0.05210054978255518	0.08540711979194808	0.17204697921901863	0.18267534949392247
BCL10	na	0.0	0.0	0.0	0.0	0.0	0.0	0.0
RBMXL1	na	0.0	0.0	0.0	0.0	0.0	0.0	0.0
GBP3	na	0.04288962542875677	0.042968177705802385	0.04746924027007154	0.032644499090752774	0.03698799423773546	0.056574101118944814	0.05438655487600879
CCDC18	na	0.0	0.0	0.0	0.0	0.0	0.0	0.0
DPYD	na	0.0	0.0	0.0	0.0	0.0	0.0	0.0
PRPF38B	na	0.04259084621939317	0.045993417587704144	0.04280169679538273	0.042968856427983954	0.03935159390940926	0.054626215345675515	0.0701959531802122
STXBP3	na	0.04433944302091836	0.05724026704105236	0.05120347188291629	0.030421350709330414	0.04019054653724682	0.05961578164244838	0.06473224471594075
SLC16A4	na	0.0	0.0	0.0	0.0	0.0	0.0	0.0
DDX20	na	0.0	0.0	0.0	0.0	0.0	0.0	0.0
NGF	na	0.0	0.0	0.0	0.0	0.0	0.0	0.0
IGSF3	na	0.041019401188147724	0.07392497180727549	0.04907648548654937	0.049303100254954255	0.04422304677658494	0.06464903346163979	0.08879918479236258
NBPF15	na	0.0	0.0	0.0	0.0	0.0	0.0	0.0
POLR3GL	na	0.0	0.0	0.0	0.0	0.0	0.0	0.0
NBPF12	na	0.0	0.0	0.0	0.0	0.0	0.0	0.0
NBPF11	na	0.0	0.0	0.0	0.0	0.0	0.0	0.0
HIST2H2AA4	na	0.06907600476083109	0.09351972788175673	0.04194483032987787	0.04166218409000831	0.047019779620549484	0.053119924209896675	0.10685939223437237
HIST2H2BE	na	0.05933127587252756	0.09868782359009581	0.04902015423154837	0.04507104095363004	0.05751953222448555	0.10422293597300063	0.104213179295183
PRPF3	na	0.05444313166864951	0.08097765106548288	0.05679920113789774	0.045942380010770105	0.05088682988994858	0.06537822474484274	0.09055640564142657
CDC42SE1	na	0.06364218317806172	0.07563803544616843	0.0694113237489039	0.024311871385944962	0.053228710508732374	0.08866759651246196	0.10470913980083463
HAX1	na	0.04968557266419177	0.06628124844796507	0.04093289852880508	0.04071735825820977	0.043546175989779765	0.06992055771911362	0.088643030399376
PBXIP1	na	0.05270410634369913	0.06833817971030691	0.059610882179087256	0.03952499847161459	0.04798618816863694	0.04975168953624495	0.08899789876295701
ADAM15	na	0.058554566026510546	0.07387457111917849	0.06090926517055521	0.05623700706111162	0.06072635193384231	0.10112190234976944	0.11782995223633942
EFNA3	na	0.04720000199875417	0.04969905953374935	0.03217076001333271	0.0547038927954719	0.04384821963256982	0.061486515837091735	0.06140422951472412
THBS3	na	0.0	0.0	0.0	0.0	0.0	0.0	0.0
MTX1	na	0.04247085579686206	0.07839961534236688	0.05338187515907285	0.03896005257522401	0.044228722710489464	0.05904407345676643	0.08673707133605783
SCAMP3	na	0.06316780473387326	0.08693355256781084	0.07522131690356323	0.04504379738956945	0.05495419780883915	0.06214136164768523	0.10104441506438584
ASH1L	na	0.05315664984580173	0.04853050369228188	0.052618529731840356	0.03902386519552703	0.04036661318323558	0.04904749064597786	0.06622550178291606
YY1AP1	na	0.047484274821939135	0.06434097245111513	0.054818893836410636	0.04880479548447432	0.046654199919820165	0.05243928562146334	0.08828225552116985
MEX3A	na	0.0	0.0	0.0	0.0	0.0	0.0	0.0
LMNA	na	0.09594482606791535	0.13581227538085405	0.0863972815956739	0.03287321160430497	0.07823231753601248	0.12906085244337387	0.1634707682932792
PMF1	na	0.03985110901051467	0.05592692251075999	0.04629566313498076	0.045175414019458224	0.04000006761631389	0.037165518201370235	0.07775406362017162
USP21	na	0.0	0.0	0.0	0.0	0.0	0.0	0.0
RC3H1	na	0.0	0.0	0.0	0.0	0.0	0.0	0.0
CEP350	na	0.035507453811830576	0.04074242393295881	0.04765563706676837	0.03574175860530038	0.0375368772815927	0.047230152408169225	0.06482982654083076
TPR	na	0.03354308249345507	0.04888180091700014	0.04878999645242163	0.040303471137294225	0.04196363105406768	0.05952035247986382	0.07779625597846267
ADIPOR1	na	0.07761503999916168	0.10660072875778351	0.06082841461340265	0.059528317572704964	0.06059148583550821	0.08554972314911055	0.12133173109285109
SRGAP2	na	0.0	0.0	0.0	0.0	0.0	0.0	0.0
INTS7	na	0.04957161266835238	0.03634438091889736	0.052281098407077314	0.038554366238538966	0.040440164405300905	0.0474885434920987	0.056691603779925236
PPP2R5A	na	0.052673613996447544	0.0641915190352084	0.05429799155646287	0.04158580661267003	0.04276529639304772	0.053717291911679045	0.0801930586395891
TMEM63A	na	0.06064340248802333	0.06569808779175704	0.06407124015467741	0.03563942047028305	0.04859591200001276	0.05799627030516249	0.08615268560598617
ARV1	na	0.0	0.0	0.0	0.0	0.0	0.0	0.0
RBM34	na	0.0	0.0	0.0	0.0	0.0	0.0	0.0
ARID4B	na	0.0472605531135147	0.0615561881787522	0.04848550475152625	0.04361906846009654	0.04488548266890276	0.05707322429619568	0.07462386243531709
KMO	na	0.0508110780210183	0.07237824346448811	0.04513901790930186	0.0488907173549108	0.04431882858781453	0.04938139473403586	0.08110442746279711
OPN3	na	0.0	0.0	0.0	0.0	0.0	0.0	0.0
RPS7	na	0.3384328454186214	1.161485835733897	1.0679024492681763e-20	0.14968879672484284	0.2403433069693296	0.9372483823352673	0.6900959860144643
PPM1G	na	0.053935945026815785	0.07859966874232875	0.055178800624368605	0.05407355583188023	0.054079921476455836	0.057649850648233934	0.09270964020162234
CEBPZOS	na	0.03441135351589486	0.045042264644359876	0.050959367870363766	0.034051936657428075	0.03522906131473029	0.05239206172609002	0.06744800172162414
CEBPZ	na	0.028503396932759672	0.061114818718667016	0.04751140751343621	0.03275237506285799	0.03963901547767526	0.05137686104401453	0.07691665771911399
STON1	na	0.0	0.0	0.0	0.0	0.0	0.0	0.0
SMYD5	na	0.0	0.0	0.0	0.0	0.0	0.0	0.0
CCT7	na	0.0672062837810065	0.1775464889326399	0.05289415420394065	0.05698985008878356	0.07884088105211197	0.15116143548987368	0.17272338967015474
WBP1	na	0.0	0.0	0.0	0.0	0.0	0.0	0.0
MRPL19	na	0.0	0.0	0.0	0.0	0.0	0.0	0.0
GCFC2	na	0.0	0.0	0.0	0.0	0.0	0.0	0.0
ST3GAL5	na	0.0	0.0	0.0	0.0	0.0	0.0	0.0
CHMP3	na	0.043426971607578226	0.07073568216816234	0.0473091678356881	0.043317969168629414	0.04487062013669576	0.07649367123870947	0.08611922870110089
TBC1D8	na	0.0	0.0	0.0	0.0	0.0	0.0	0.0
CBWD2	na	0.0	0.0	0.0	0.0	0.0	0.0	0.0
SLC35F5	na	0.044847953623771204	0.03758689779864682	0.04593810895524171	0.03613077812994115	0.03825478418230327	0.05574029488144975	0.06307671616871333
RAB3GAP1	na	0.039600026965055775	0.048064893372368495	0.04945971757085243	0.03733795403566631	0.0383728455299519	0.044515171554615623	0.06348704761744854
FMNL2	na	0.0	0.0	0.0	0.0	0.0	0.0	0.0
BAZ2B	na	0.036848742781404056	0.05121464083581245	0.03954897576144435	0.04231550757700415	0.03868740570185086	0.038125595774243154	0.06486789901492068
GCA	na	0.03648466590687907	0.03991978389941876	0.047496392003384416	0.03853432265275226	0.03589473517293869	0.04776773302614666	0.05809780274164797
SP3	na	0.05217918425755263	0.051649420684590455	0.039621015882814414	0.04999284724237445	0.043481926800305416	0.054751800426336115	0.06532142969544855
RBM45	na	0.0	0.0	0.0	0.0	0.0	0.0	0.0
ZC3H15	na	0.05035909912777373	0.07226626914336011	0.047474172814869375	0.04611931392490356	0.047243810892855564	0.0698768312588644	0.08264399344187873
GTF3C3	na	0.02979689476531509	0.0432212951514836	0.04015465642440055	0.0438841051855624	0.03738322055944549	0.04665962729867181	0.06641681466649071
NDUFB3	na	0.09884662211289044	0.22537460468327153	0.03160993224568359	0.06239294324057756	0.08262533009685218	0.1873505024748054	0.1642271389945794
GIGYF2	na	0.03694503896395587	0.047523119718069426	0.04633564966469606	0.04079469356430941	0.037956014262701045	0.03424568401953532	0.06417406651847918
TRAF3IP1	na	0.0	0.0	0.0	0.0	0.0	0.0	0.0
SEPT2	na	0.0776628549472584	0.15586962491883657	0.059242120949655065	0.047349427526611414	0.07149879608548532	0.09999830217472529	0.15268801047196304
FARP2	na	0.030676052104378477	0.041438455220966786	0.0461254335060472	0.03372232123087528	0.03597272063856983	0.04567497755614658	0.061141920519004
TATDN2	na	0.03380550047685071	0.046877227295004445	0.044786855203529284	0.045060597993118345	0.038712515982609386	0.039137586885524656	0.058167394044967395
TMEM40	na	0.0341994139029125	0.0619710660439899	0.03347468523044314	0.043358928006969784	0.03734852240316539	0.04203770105539269	0.06775203860789371
UBE2E1	na	0.049363850745414356	0.05508695987006259	0.046608290304973474	0.038318671918928716	0.04313747989567577	0.062456354185335815	0.06888903131323651
NGLY1	na	0.03778307216925275	0.048050485308971304	0.04148213398676354	0.03230275231653445	0.03613521187187897	0.0515355760671538	0.06569326750808402
DYNC1LI1	na	0.050985987415938315	0.061233229029668663	0.04792415207102804	0.04174543157530939	0.0423239983915547	0.05149887355364963	0.07028378128410352
PDCD6IP	na	0.06178245726951976	0.07488537874338505	0.046619693732376184	0.04690757918297358	0.04612779695906587	0.0730147605957357	0.08057003460435942
NKTR	na	0.031212590216792898	0.054600305511115214	0.048909467245201885	0.04042455013212459	0.041212793642795835	0.05412541374706974	0.07113059558914929
ZBTB47	na	0.0	0.0	0.0	0.0	0.0	0.0	0.0
ATRIP	na	0.0	0.0	0.0	0.0	0.0	0.0	0.0
ARIH2	na	0.044840634421470627	0.049472821578773446	0.043330671343503914	0.03871151999558123	0.03985060601678026	0.060773383372362266	0.06381532041423203
RBM6	na	0.03213157241490669	0.05506753992790922	0.0434321151142143	0.050385069303963394	0.03986792718612959	0.035067601747161205	0.06653364725579278
HEMK1	na	0.0	0.0	0.0	0.0	0.0	0.0	0.0
FAM208A	na	0.0336393917574528	0.06266313016296038	0.03190989312163058	0.05425314072189544	0.03714866808044064	0.03819092854971926	0.06865559368591276
APPL1	na	0.037199435425220334	0.0474965036103086	0.047969973544941806	0.042095635476658615	0.039316177014408406	0.04972391276319684	0.0688797856957385
FOXP1	na	0.05239395449141429	0.07153239100643184	0.06015971336288212	0.04026906904035981	0.04772731877962682	0.06797205954557087	0.07640274321531955
DCBLD2	na	0.039416505826784874	0.0416975533613017	0.04693972179864421	0.03768896742170172	0.037815894489988046	0.040138010931847753	0.06122512522021315
NFKBIZ	na	0.08396588394943276	0.12722050903823304	0.0827211288181748	0.0697474655133746	0.07473205289894269	0.11994707426373584	0.14440712461915875
CFAP44	na	0.0	0.0	0.0	0.0	0.0	0.0	0.0
NDUFB4	na	0.25069841125116626	0.6104914118837335	0.03987994419214549	0.053927371398972836	0.16589469100969242	0.46951274294178846	0.45798244650032954
PODXL2	na	0.057152075492336724	0.06791246841105261	0.07729664441456224	0.029153170464305773	0.05607119883124428	0.09811780578586335	0.11182014312647447
ABTB1	na	0.0403536392047171	0.0403528643498412	0.04636239992153433	0.04287236642653462	0.036836254902459134	0.04187841890659315	0.055125571190541726
ATP2C1	na	0.04215738100251839	0.06509484764714228	0.05585370312261901	0.04286260807855242	0.04662634493658305	0.07209963251594981	0.08528394049394016
ASTE1	na	0.0	0.0	0.0	0.0	0.0	0.0	0.0
DHX36	na	0.03835217727531027	0.04814419040889102	0.04740836120764194	0.04068623747787683	0.04119791275054819	0.054757186136896244	0.06864570367912712
MFSD1	na	0.042832981724820224	0.06987424042553352	0.055258179923400666	0.03419492727386862	0.04208870327927431	0.0632100700104971	0.0718692393759933
GOLIM4	na	0.0	0.0	0.0	0.0	0.0	0.0	0.0
YEATS2	na	0.03576131926463273	0.043942522927633905	0.043698020941583086	0.04352008293679085	0.037708790714117396	0.04992339819050908	0.061697998426466415
DNAJB11	na	0.029722796337039416	0.052703166756139376	0.046180312956660696	0.038726613106912736	0.040429372390333174	0.049624102329312296	0.0667842491637398
LPP	na	0.04192443888873633	0.051039334536793116	0.048036300502335	0.031162621856178126	0.03801848624030585	0.05320029139840667	0.06425313135365707
LETM1	na	0.039483232520595234	0.0431164042480782	0.0458352604783455	0.04417263333246258	0.03812501368038199	0.03936639244485216	0.06097114801059628
C4orf48	na	0.0749901367025765	0.10308441692135657	0.09348923996488732	0.009812856979705123	0.08179426244977478	0.2839911622367098	0.16033993295450474
FAM193A	na	0.0	0.0	0.0	0.0	0.0	0.0	0.0
STK32B	na	0.0	0.0	0.0	0.0	0.0	0.0	0.0
JAKMIP1	na	0.0	0.0	0.0	0.0	0.0	0.0	0.0
WDR1	na	0.07098216064310503	0.1290656443642625	0.06554385137727246	0.054999504034855005	0.0666454921094473	0.11472206298387576	0.13195097858776078
QDPR	na	0.0	0.0	0.0	0.0	0.0	0.0	0.0
TLR1	na	0.0	0.0	0.0	0.0	0.0	0.0	0.0
FIP1L1	na	0.030429989706458622	0.055633342234216177	0.03539711043709469	0.04678367822682474	0.03762642709592941	0.046809415608521227	0.07276454411609436
UTP3	na	0.0425180206917254	0.04828062018239709	0.042368822182831264	0.033945739618300136	0.03587134076399882	0.05506404092530885	0.06348565570352005
CCNG2	na	0.06929357185713941	0.09908935184471027	0.05911522707216752	0.0879845749445615	0.06733076632597881	0.08599776668562714	0.11292402094160693
CXXC4	na	0.0	0.0	0.0	0.0	0.0	0.0	0.0
SEC24B	na	0.043969418505342674	0.04303119675670628	0.0418285898968661	0.04335293056445876	0.03529090807491899	0.041877744309605044	0.06306442144075676
USP53	na	0.0	0.0	0.0	0.0	0.0	0.0	0.0
GAB1	na	0.0	0.0	0.0	0.0	0.0	0.0	0.0
SMARCA5	na	0.04293792255437277	0.06988045909797233	0.05923537633560351	0.039203865217252755	0.05034142040623532	0.06590882973166204	0.10190882287781083
LRBA	na	0.04896864498749333	0.0543077189005621	0.05821648050154427	0.049328880390107126	0.04615372315016622	0.05629150141226442	0.09405302123096192
RPS3A	na	0.7451776518689021	1.577703082669406	0.12224766155932963	0.18794103256798755	0.40150416124198074	0.981040049677557	1.339336625063393
SH3D19	na	0.0	0.0	0.0	0.0	0.0	0.0	0.0
WWC2	na	0.0	0.0	0.0	0.0	0.0	0.0	0.0
UFSP2	na	0.0	0.0	0.0	0.0	0.0	0.0	0.0
NKD2	na	0.0	0.0	0.0	0.0	0.0	0.0	0.0
CCT5	na	0.09818780791591064	0.21663845980218652	0.06705426570276378	0.08282712102524217	0.09720806617298659	0.1859456888858263	0.20749179937127463
DNAH5	na	0.0	0.0	0.0	0.0	0.0	0.0	0.0
MYO10	na	0.051619207841675716	0.06283697843239924	0.05506793041824078	0.048299872901235434	0.04737024663839883	0.07865358071945254	0.09249659192472433
LMBRD2	na	0.0	0.0	0.0	0.0	0.0	0.0	0.0
PAIP1	na	0.06536259569299012	0.11036640677696785	0.05523178568014723	0.051371930230961434	0.05909959676571105	0.10444612985189836	0.1175950814242635
KIF2A	na	0.0	0.0	0.0	0.0	0.0	0.0	0.0
MAST4	na	0.0	0.0	0.0	0.0	0.0	0.0	0.0
SLC30A5	na	0.03706878469249283	0.04744765805206978	0.05192257599885098	0.03793406366401678	0.039287297310645536	0.054829509485969125	0.06599464245338395
SMN1	na	0.0	0.0	0.0	0.0	0.0	0.0	0.0
AGGF1	na	0.036984771753995845	0.0375692970862153	0.04402769095376847	0.04255425784077305	0.03754305230406501	0.04167514562939706	0.056857939049241454
VCAN	na	0.06345997021634527	0.09553283841591305	0.04432286185340847	0.03584730328284562	0.0520421647863568	0.09579255865662871	0.099707616798624
ELL2	na	0.047125829938592455	0.04742942201356243	0.04866354281050274	0.03499611225499457	0.0364372549623561	0.047030871651910715	0.053317485478725966
PAM	na	0.0	0.0	0.0	0.0	0.0	0.0	0.0
AP3S1	na	0.04555721296025547	0.0788064292266065	0.0439749815674336	0.05093416332542176	0.04848132354441105	0.07532866102897282	0.08677964502123615
HSD17B4	na	0.03805109009290907	0.052582088552622606	0.039907002921691505	0.04151414759711736	0.038554431064975386	0.04414812403415362	0.06586264499794155
RAD50	na	0.0	0.0	0.0	0.0	0.0	0.0	0.0
SOWAHA	na	0.0	0.0	0.0	0.0	0.0	0.0	0.0
UQCRQ	na	0.416743165947934	1.0256764433468109	0.029137254556145614	0.12583731723152033	0.2545991498831011	0.7541051262234879	0.7851913871104916
FSTL4	na	0.0	0.0	0.0	0.0	0.0	0.0	0.0
HNRNPA0	na	0.05239538962250868	0.06978318427409747	0.06924639468971809	0.050746778678136595	0.054879728185846195	0.0776804029701358	0.09494638359717061
PFDN1	na	0.04729944774354936	0.06029163209249892	0.04170518446422082	0.03129194464703344	0.039071973713475226	0.06454027557610656	0.061372523429050134
SRA1	na	0.043734019594973854	0.06622703947869997	0.04248057945689408	0.040868059698377694	0.04261747037143683	0.057560008513741275	0.07022203159283948
EIF4EBP3	na	0.0	0.0	0.0	0.0	0.0	0.0	0.0
NDUFA2	na	0.12306674089058753	0.26265046846638146	0.04581369424259402	0.05198449219254781	0.09492030557616157	0.22115379045244607	0.23338501303955525
IK	na	0.04922579059709521	0.06540429033282406	0.05322121189183226	0.04015602964493619	0.045223541554570555	0.061350282812684696	0.07677562586789806
PCDH12	na	0.0	0.0	0.0	0.0	0.0	0.0	0.0
TCERG1	na	0.036880111580536556	0.044799975626781535	0.038337498054319394	0.04309257699838886	0.036040636550405666	0.03972968399723315	0.06384212764016203
FAM114A2	na	0.0	0.0	0.0	0.0	0.0	0.0	0.0
PWWP2A	na	0.0	0.0	0.0	0.0	0.0	0.0	0.0
C1QTNF2	na	0.0	0.0	0.0	0.0	0.0	0.0	0.0
HMMR	na	0.0	0.0	0.0	0.0	0.0	0.0	0.0
FAM193B	na	0.031564502017937195	0.041559686617105566	0.04344602441396048	0.051875975328298046	0.038300591076229865	0.03056814803541861	0.06341015729874899
TRIM52	na	0.0	0.0	0.0	0.0	0.0	0.0	0.0
FOXC1	na	0.0	0.0	0.0	0.0	0.0	0.0	0.0
STMND1	na	0.03818227033230106	0.04430361124558819	0.03891137383503253	0.04321275725489915	0.037899912506121375	0.038629303947137456	0.06655244537755937
DEK	na	0.04378988957704986	0.07091825739711659	0.03934459412179935	0.043036203531606296	0.043980989648698704	0.06394537070498879	0.07247724694391373
HIST1H2BD	na	0.044969531700508596	0.08008416071844454	0.02921311102759952	0.06086025223575571	0.04515116910434777	0.0806566063281589	0.0751805416220493
HIST1H3G	na	0.0	0.0	0.0	0.0	0.0	0.0	0.0
HIST1H1B	na	0.0	0.0	0.0	0.0	0.0	0.0	0.0
HLA-A	na	0.3074415008938285	0.7307226617353452	0.12005965115631674	0.21489985003883358	0.26761821329045404	0.715959040039806	0.649914817412427
TRIM26	na	0.04680963583150074	0.045674844404838336	0.05040623466966548	0.037086590609006057	0.03831010466542674	0.054268106954549096	0.060223828753001654
HLA-C	na	0.19338047903592298	0.5989196164718585	0.012339988337250373	0.1924007083984445	0.18136191424028056	0.599720900383114	0.4070380858535055
HLA-B	na	0.284976167994295	0.7309884554294933	0.10560938244638882	0.27782894319241264	0.2771666909674857	0.7881671233290974	0.5778908520887505
EHMT2	na	0.03835323346467549	0.04724082274389071	0.05417558626792868	0.050440395556704765	0.043613813701627105	0.03623625339314549	0.06023345604837925
HLA-DRB1	na	0.08730050504431737	0.26222599064288316	4.3465427445953886e-17	0.10041842148903445	0.10431825916820735	0.2808857957564126	0.16120826093925225
HLA-DQA1	na	0.052805199971042764	0.08645353506598992	0.03444987149892292	0.04159272955038469	0.04790007469600849	0.07664683387533577	0.06221531488874153
HLA-DQB1	na	0.04227986018541032	0.09793355446283329	0.021567427739646483	0.06478991077781822	0.059541331763120695	0.11181434805895885	0.0935666286583523
HLA-DQA2	na	0.04901020089976466	0.0829060559725658	0.04615377069972957	0.04911529065240338	0.0500747134013201	0.06984515423382368	0.08416493739949828
HLA-DQB2	na	0.0	0.0	0.0	0.0	0.0	0.0	0.0
SRSF3	na	0.0977125933028161	0.17960810784288206	0.07755802382144528	0.07896214233482006	0.08326805144977706	0.1516443870494743	0.17418544982969017
TRERF1	na	0.0	0.0	0.0	0.0	0.0	0.0	0.0
DST	na	0.04179912052453532	0.04167930569482277	0.04139122386568873	0.04355874535972541	0.036862759834224185	0.038079190069348214	0.06125572694996763
KIAA1586	na	0.0	0.0	0.0	0.0	0.0	0.0	0.0
SMAP1	na	0.034554836933270675	0.04231630837214326	0.043582353839754014	0.038769205884777704	0.03757190745980951	0.04631539872430915	0.06609477531836572
MAP3K7	na	0.04008584781027512	0.050293449806208486	0.050763432699033315	0.05159779708979097	0.0394811931741802	0.04577301601156935	0.06572163111118269
ASCC3	na	0.041371172939802546	0.08801064293720735	0.03916085225590364	0.06558701687447879	0.050472078868324374	0.08078092904453565	0.08249040503536346
AK9	na	0.0	0.0	0.0	0.0	0.0	0.0	0.0
GTF3C6	na	0.09134058626832361	0.1848335600801315	0.04261424642038607	0.0849525518159106	0.075571360785233	0.1533431480346012	0.14172148822981964
RPF2	na	0.03304211227887636	0.06461550813917354	0.03702445596766968	0.05396708952128163	0.04004860085815199	0.047427056534363375	0.06537345746391195
TSPYL4	na	0.045633450655830916	0.05067856669132178	0.04359633593469021	0.042322542180349094	0.0409765358066332	0.0518788748317648	0.06826346963961594
SMPDL3A	na	0.0	0.0	0.0	0.0	0.0	0.0	0.0
NCOA7	na	0.04907126347795211	0.07589737789520103	0.04669215969549071	0.05713061034549772	0.04653560364848797	0.06078947380869775	0.07982297927986431
IFNGR1	na	0.05195948033490598	0.057180978251045525	0.0637626577154126	0.04577779901285042	0.05042111042191473	0.0758946556222321	0.09379604950832543
PERP	na	0.30363184012348954	0.5777648138723183	0.25413208043501156	0.03337618466116847	0.2215756920501093	0.4301928934498911	0.6913121613055729
CCDC28A	na	0.03650502031472101	0.048322826962445234	0.04995779600330708	0.04395250901719721	0.04004435322340154	0.045193984009850044	0.06391078669164009
PHACTR2	na	0.0	0.0	0.0	0.0	0.0	0.0	0.0
ARID1B	na	0.04772667593206342	0.06334483952472801	0.05525188464775041	0.04320247300374932	0.046707169172931	0.06444933120105681	0.07454541983871198
PSMB1	na	0.12902362335507878	0.31205205670903735	0.08145619674171603	0.08016607530499234	0.12310113966805367	0.2699081714985178	0.29229735743555163
NUDT1	na	0.0450990710881457	0.053950964764270366	0.04430640519313674	0.05094284997683381	0.04222957902826211	0.05720112879068472	0.0728241110879881
AP5Z1	na	0.050727337108423295	0.03916634193738571	0.04799270677683355	0.03761977812928982	0.03718196270742052	0.044659391314856106	0.052819722256229926
RNF216	na	0.03477594309834704	0.048908392418392545	0.04642494137875329	0.03560375248641283	0.03541420448909545	0.041426660466686194	0.06189265131706527
ZNF316	na	0.03673825348226935	0.0376803060393752	0.042676119847662945	0.041688882092634515	0.03966417697968888	0.037428235266370284	0.056226711778212486
TWIST1	na	0.0	0.0	0.0	0.0	0.0	0.0	0.0
SCRN1	na	0.04313571904740533	0.05031583989032171	0.051199366708409695	0.03997852315681841	0.04304561144986049	0.06418683493382193	0.07390509036465552
GARS	na	0.04845587575773779	0.05873866517588986	0.04357747863119489	0.03984328003463266	0.043675829188355164	0.056304306968057966	0.06242301702240485
AVL9	na	0.038044317232478364	0.04570283463723543	0.043507797650547644	0.04335547308170515	0.039001168912883244	0.05054315788319732	0.0704510731885132
AOAH	na	0.0	0.0	0.0	0.0	0.0	0.0	0.0
INHBA	na	0.03994928456877379	0.0699875978162122	0.04201138564201688	0.04282435348352061	0.04810556181279364	0.06752605109386366	0.0868482640837843
PSMA2	na	0.06249558743886377	0.12462335192300569	0.04211901456405862	0.05890586489372111	0.06176980419669628	0.10874519322724956	0.11758978182216842
H2AFV	na	0.09810122550279651	0.16220668687087916	0.058984447363206884	0.06507684806230599	0.07510431299548889	0.1725199524745833	0.1536399540754631
ZNF107	na	0.0	0.0	0.0	0.0	0.0	0.0	0.0
KCTD7	na	0.0	0.0	0.0	0.0	0.0	0.0	0.0
RABGEF1	na	0.0	0.0	0.0	0.0	0.0	0.0	0.0
GTPBP10	na	0.0	0.0	0.0	0.0	0.0	0.0	0.0
AKAP9	na	0.040475155830329165	0.0576085255323943	0.04682965257516854	0.04174760588683377	0.044790178561748974	0.077754654783211	0.07826227735059034
COL1A2	na	0.35188879337812523	0.828921374317754	0.07590507154114509	0.14394455007912102	0.26850266264596595	0.7498491473134832	0.6503825730446101
ZKSCAN1	na	0.03893614335032925	0.05177284250747485	0.040945764552301554	0.05438317707684329	0.04192264449945983	0.06188016062393186	0.07534400881058642
ZSCAN21	na	0.0	0.0	0.0	0.0	0.0	0.0	0.0
MCM7	na	0.06716173659104216	0.08671544378231738	0.04898019245679904	0.04573474607723419	0.049743929095055824	0.09173223318221788	0.08062675892973832
CNPY4	na	0.0	0.0	0.0	0.0	0.0	0.0	0.0
LAMTOR4	na	0.08744980281264889	0.20483739221162187	0.03588353166802993	0.08666519408776656	0.07820742350472257	0.18445555196139699	0.1333631896875878
GIGYF1	na	0.0	0.0	0.0	0.0	0.0	0.0	0.0
SRRT	na	0.04869412510683272	0.06169447593455363	0.05314842754907775	0.04281259546303188	0.04469260084767684	0.061562014577194464	0.06676903526642286
SH2B2	na	0.0	0.0	0.0	0.0	0.0	0.0	0.0
POLR2J3	na	0.0	0.0	0.0	0.0	0.0	0.0	0.0
POLR2J3	na	0.0	0.0	0.0	0.0	0.0	0.0	0.0
POLR2J3	na	0.0	0.0	0.0	0.0	0.0	0.0	0.0
POLR2J3	na	0.0	0.0	0.0	0.0	0.0	0.0	0.0
LRRC17	na	0.0	0.0	0.0	0.0	0.0	0.0	0.0
CPED1	na	0.0	0.0	0.0	0.0	0.0	0.0	0.0
NDUFA5	na	0.06317818680619497	0.1351215894181724	0.043335974697070394	0.06880386332022939	0.062026337369955345	0.13659836178879156	0.11744880417398693
WASL	na	0.045797767734874255	0.0870613696155088	0.04830193645605396	0.048996870763202485	0.04800237563237219	0.08241650375423214	0.08435027220480919
KMT2C	na	0.03834928300784754	0.058140598065210825	0.04184195912657853	0.04758806285439996	0.04190787745454834	0.046280344371737905	0.0674058759509202
RBM33	na	0.0	0.0	0.0	0.0	0.0	0.0	0.0
NOM1	na	0.0	0.0	0.0	0.0	0.0	0.0	0.0
NCAPG2	na	0.0	0.0	0.0	0.0	0.0	0.0	0.0
TXLNG	na	0.0	0.0	0.0	0.0	0.0	0.0	0.0
RBM10	na	0.0526090666405517	0.0708909083206262	0.06567392908760628	0.056930651468194565	0.053251813912118307	0.07225214443450517	0.07955448471145453
PQBP1	na	0.04885352497762463	0.08791328003922941	0.039867415295585545	0.05411808324492659	0.049362440238991896	0.07578364148823215	0.09327192808560134
PHF8	na	0.0462128364316085	0.05215406225930469	0.03930048290223509	0.04593660846858227	0.038899924436502815	0.04246042572550521	0.05785015365243296
MED12	na	0.043680377341247134	0.04636859846536351	0.04563767027699884	0.04203680345988827	0.03994728566363855	0.04720569648161883	0.06350806326775715
ZNF711	na	0.0	0.0	0.0	0.0	0.0	0.0	0.0
AMOT	na	0.0	0.0	0.0	0.0	0.0	0.0	0.0
LAMP2	na	0.06251043672764174	0.10112018749345729	0.06298356470296476	0.05594651586804562	0.06036057195679412	0.10739676016173798	0.11469385343103168
HTATSF1	na	0.06102526721448514	0.07187876519394538	0.05030890892383233	0.05939192112423825	0.050745379064720764	0.06394893806902488	0.08056583896778104
HMGB3	na	0.059254497640206565	0.07424326730032282	0.06488848243617952	0.04845905841908799	0.05355932429070108	0.09578646002321552	0.1001223221757382
MECP2	na	0.030739801061844468	0.04493823617653735	0.04388848400933457	0.04303827108265254	0.03678891172761105	0.041577173982561624	0.06385096295587872
DKC1	na	0.03414843651406876	0.06181763569021528	0.046011321647309644	0.03444324753808873	0.040535356783404426	0.05307806387373772	0.06442379726014125
VPS37A	na	0.0	0.0	0.0	0.0	0.0	0.0	0.0
NAT1	na	0.0562096850761269	0.07185870325202691	0.060301271766218335	0.04360122135618109	0.0512997113462617	0.07232592091345112	0.09998391316255052
CCAR2	na	0.054548770015957905	0.048974492226588416	0.044052711758200455	0.03693524947910967	0.03864685224596968	0.043266420659456684	0.05934954108037398
BNIP3L	na	0.0337757430474403	0.05633453976110976	0.05097432978648475	0.04369334839054135	0.04004746328471605	0.05014544525583291	0.08278394730429643
ESCO2	na	0.0	0.0	0.0	0.0	0.0	0.0	0.0
PBK	na	0.0	0.0	0.0	0.0	0.0	0.0	0.0
KIF13B	na	0.02782934421213446	0.04445207030413155	0.04505985204185315	0.03844957934021863	0.036904981487668694	0.0383270400795947	0.06612644330325666
LEPROTL1	na	0.039199354244600144	0.04462974967870137	0.04954829388407268	0.0392617553159165	0.0402511083654562	0.0478284679421279	0.07335481394200499
PRKDC	na	0.050857568750097705	0.08054921792133729	0.06366980003494237	0.05786562553543921	0.055332484129394226	0.06899836467013375	0.09347163210836991
SNAI2	na	0.0	0.0	0.0	0.0	0.0	0.0	0.0
CSPP1	na	0.0	0.0	0.0	0.0	0.0	0.0	0.0
TERF1	na	0.0	0.0	0.0	0.0	0.0	0.0	0.0
ZFHX4	na	0.0	0.0	0.0	0.0	0.0	0.0	0.0
PABPC1	na	0.3828935593918162	1.1424370275114428	0.06665542885704791	0.08519401886969175	0.2860021020123206	1.003303346736624	0.9037754425675224
TRPS1	na	0.04838877001422276	0.06921678470191821	0.048995246758993666	0.04537531942122947	0.04533808981392105	0.0616842373507267	0.07985169316921703
KHDRBS3	na	0.0	0.0	0.0	0.0	0.0	0.0	0.0
MROH1	na	0.03329660845811811	0.042833075946167753	0.053238231714442086	0.03778216579661481	0.039011588688021556	0.05082955196501481	0.06794275284405561
CYHR1	na	0.03869031752393512	0.059986339426596834	0.05083931013796115	0.04682017762655879	0.0424621786485824	0.0484299429563769	0.07848910609216744
RECQL4	na	0.0	0.0	0.0	0.0	0.0	0.0	0.0
CBWD1	na	0.02940144081496641	0.04596973301505159	0.03524486136884239	0.047935536905920915	0.03739043588858453	0.043740261954579515	0.06343306437598756
PUM3	na	0.0	0.0	0.0	0.0	0.0	0.0	0.0
MLLT3	na	0.0	0.0	0.0	0.0	0.0	0.0	0.0
VCP	na	0.10229453734866463	0.1659841830351719	0.11754571053090963	0.08307754109528137	0.09932338874984604	0.1617171042970118	0.2092898131534255
UNC13B	na	0.046247745551722945	0.041350657196417555	0.039076476941965615	0.04613067418351126	0.038396994369486286	0.03850785570935781	0.05872270662055803
CBWD5	na	0.03517439579991927	0.047794080159984584	0.04758962611455843	0.04017656769232339	0.03515898352690294	0.0482943498044792	0.057800275848746564
TJP2	na	0.0	0.0	0.0	0.0	0.0	0.0	0.0
VPS13A	na	0.0	0.0	0.0	0.0	0.0	0.0	0.0
FBP1	na	0.06978578149594843	0.08379274865023066	0.03905042513897709	0.06167045380531864	0.05428397652911743	0.09613102448540867	0.08559529251871058
STX17	na	0.0	0.0	0.0	0.0	0.0	0.0	0.0
NDUFA8	na	0.06909246120498418	0.14831321153693827	0.04187218782255034	0.06044045777417267	0.06468991353687718	0.12084094964027176	0.13508358404656864
STRBP	na	0.04057207443505204	0.06842318902081881	0.044763228625182304	0.04912699395538655	0.045135536564042296	0.05675238584548438	0.0778445329416214
ARPC5L	na	0.05516190455113557	0.13507731833288444	0.045085643481111284	0.06905534563388432	0.06010849977003163	0.11658749057988607	0.11359230671700607
ZNF79	na	0.0	0.0	0.0	0.0	0.0	0.0	0.0
LRSAM1	na	0.0	0.0	0.0	0.0	0.0	0.0	0.0
CIZ1	na	0.049254140530949626	0.045006245344983285	0.04480634575913019	0.048878623096499686	0.043461372260350295	0.04934573823323509	0.06399600611599424
ODF2	na	0.046147116707102	0.04502047207179659	0.05522692611963127	0.051406815108777024	0.04419992799931005	0.03616136160858359	0.06679289554374063
ASS1	na	0.10650062693946111	0.29944570821868455	0.046641027672144585	0.099750408717508	0.11131553084352663	0.2966390524702073	0.2331181304762656
GTF3C5	na	0.035930378940659806	0.06385528942626537	0.05160653101161662	0.045366814107095206	0.043523815692820225	0.054668184722828674	0.07243204457088917
CEL	na	0.0	0.0	0.0	0.0	0.0	0.0	0.0
REXO4	na	0.03729631520224276	0.04705327330090429	0.03721948087414224	0.050185697647650886	0.03935979898304456	0.03647867158098504	0.0608533919623928
ADAMTS13	na	0.0	0.0	0.0	0.0	0.0	0.0	0.0
RABL6	na	0.08420114251267645	0.10380202495074295	0.0734031611570381	0.063016255027579	0.07277339213694768	0.12455001367201804	0.1315590542066953
DPP7	na	0.049387171271639496	0.08141189266305475	0.06058716739933028	0.052330173638745835	0.05723125712129559	0.07589505495746152	0.10096175196692661
GRIN1	na	0.0	0.0	0.0	0.0	0.0	0.0	0.0
SIGIRR	na	0.06051537693302133	0.08461253377002806	0.0649157211070053	0.04604118651686288	0.05550666180206554	0.07489393151183328	0.11439124320186239
DRD4	na	0.0	0.0	0.0	0.0	0.0	0.0	0.0
RPLP2	na	1.0090440757346057	2.7426231506400205	8.765569943326212e-25	0.2928177450647917	0.6225548131764758	2.1144246304388	2.0515537603017187
TSSC4	na	0.04722588697560784	0.04550792958410176	0.049206511713564965	0.03806258002783635	0.0404635463988408	0.05091154308277654	0.05944281735984315
TRIM5	na	0.0	0.0	0.0	0.0	0.0	0.0	0.0
TIMM10B	na	0.0	0.0	0.0	0.0	0.0	0.0	0.0
ARL14EP	na	0.0	0.0	0.0	0.0	0.0	0.0	0.0
TCP11L1	na	0.0	0.0	0.0	0.0	0.0	0.0	0.0
FAM111B	na	0.0	0.0	0.0	0.0	0.0	0.0	0.0
UQCC3	na	0.07493566314566354	0.11936152726754591	0.047998588748818266	0.060235492609665486	0.06170239478647063	0.09394526029310553	0.12044259406901713
STX5	na	0.04159303914274093	0.04973721065828123	0.0474725871745838	0.04614949565438394	0.04036281416963383	0.04217144040510586	0.06279928689003123
ARL2	na	0.03501761472343192	0.05101377967658878	0.04120868896448072	0.0379229658974627	0.03870710583077444	0.05101736270348861	0.05764985504695724
SIPA1	na	0.0363417407137397	0.048299645159605206	0.0463727904919255	0.0355433728777212	0.039926334392912814	0.06669367037438323	0.07350781707286795
RBM4	na	0.0	0.0	0.0	0.0	0.0	0.0	0.0
PPFIA1	na	0.02787902002612475	0.05011266182942932	0.05116055321525954	0.037044553943206875	0.037957382473855134	0.05099220149717973	0.06651447860059907
PAK1	na	0.03609106420502857	0.03606233554606356	0.0526664299516783	0.051131248668703735	0.03779290065795046	0.043944065019521444	0.06649969274232292
CADM1	na	0.0	0.0	0.0	0.0	0.0	0.0	0.0
CEP164	na	0.0	0.0	0.0	0.0	0.0	0.0	0.0
TMPRSS13	na	0.0	0.0	0.0	0.0	0.0	0.0	0.0
FAM208B	na	0.03330395834675696	0.04615097722930223	0.0518060916339688	0.03366603284013595	0.036014447996707936	0.04742028304609269	0.0565100971577772
STAM	na	0.0	0.0	0.0	0.0	0.0	0.0	0.0
MSRB2	na	0.05634927427185389	0.09551595193229433	0.033960973021000075	0.05561154016159277	0.052930916205798303	0.09784943905717679	0.08525189328922202
LYZL2	na	0.0	0.0	0.0	0.0	0.0	0.0	0.0
ZEB1	na	0.0	0.0	0.0	0.0	0.0	0.0	0.0
EPC1	na	0.0	0.0	0.0	0.0	0.0	0.0	0.0
PARD3	na	0.030468971834878525	0.060577475905851025	0.039171999723357026	0.05026551537369289	0.040628299472394436	0.04083869457655826	0.06724620932965857
AGAP9	na	0.0	0.0	0.0	0.0	0.0	0.0	0.0
ANK3	na	0.0	0.0	0.0	0.0	0.0	0.0	0.0
ARID5B	na	0.03503933550449233	0.04931587740280334	0.039949021650287665	0.04082599358037182	0.03753582166288781	0.04062480712414001	0.06372976803324891
DNAJC12	na	0.049357878725082426	0.09629168577763315	0.05022000147294794	0.03573823329085661	0.05551607705353648	0.09115299208225389	0.10136983432263058
DDX50	na	0.0	0.0	0.0	0.0	0.0	0.0	0.0
FAM149B1	na	0.0	0.0	0.0	0.0	0.0	0.0	0.0
DNAJC9	na	0.0361470368990044	0.06429711022046115	0.03820670220452187	0.044315722976351696	0.04176946598663571	0.04420077055398769	0.06780307950489771
FUT11	na	0.0	0.0	0.0	0.0	0.0	0.0	0.0
KAT6B	na	0.0	0.0	0.0	0.0	0.0	0.0	0.0
COMTD1	na	0.047716496924682356	0.05280498598760777	0.050009036866615356	0.04240675246464821	0.04134604490395548	0.06340628743506085	0.07374596108144993
KCNMA1	na	0.03716612065908726	0.04222753244252159	0.04650009221815107	0.04514313991386927	0.038777274498917214	0.051702272426040356	0.06661262014651902
ANXA11	na	0.04764053277064798	0.06656884492823603	0.05222340005910399	0.04151598770910817	0.04368352266985347	0.06320752673186955	0.0773442933914881
TM9SF3	na	0.06433612755989217	0.06777241415760095	0.06336997410075224	0.05943567087299217	0.05749551651213129	0.09023191501666122	0.10062410864628644
HPS1	na	0.0	0.0	0.0	0.0	0.0	0.0	0.0
BTRC	na	0.0	0.0	0.0	0.0	0.0	0.0	0.0
DPCD	na	0.03430567481586318	0.05074051318253737	0.03328791445171041	0.04973591818217126	0.039284372886936834	0.05682008820099539	0.06871691260631713
POLL	na	0.0	0.0	0.0	0.0	0.0	0.0	0.0
HPS6	na	0.0	0.0	0.0	0.0	0.0	0.0	0.0
NOLC1	na	0.042593193940936205	0.07729298967231141	0.03362204620770858	0.058343278237778594	0.04498865221841922	0.0661606594157622	0.07677942175570018
NFKB2	na	0.0	0.0	0.0	0.0	0.0	0.0	0.0
TCF7L2	na	0.025250493932038178	0.04615021544283497	0.04701296400335242	0.03579594675243901	0.03554807437893049	0.03952489607188156	0.0650255108957298
SHTN1	na	0.050039512537368346	0.0588470254063273	0.04145480887193446	0.0502375215395538	0.044562499612916764	0.04960972913374894	0.07455295607396573
RGS10	na	0.05687617441097326	0.09006083260087823	0.03359711968110069	0.06138845393388877	0.05219890835164647	0.08131354147702965	0.10401784825209026
BUB3	na	0.05424061018376151	0.09081276956808473	0.047064857409087765	0.04778204120556317	0.049414173378141454	0.07771987821760358	0.08508640171366298
ZRANB1	na	0.0	0.0	0.0	0.0	0.0	0.0	0.0
CTBP2	na	0.05369692255061415	0.08616718930324654	0.045853040418597155	0.05241027697861473	0.05080052177427638	0.07987586906587671	0.10019203366391001
MKI67	na	0.04547962818447509	0.04123108817034928	0.04740102468144609	0.04127650717721367	0.039414857089978814	0.05529551657123559	0.05241380161178879
ECHS1	na	0.0621184923901713	0.11775732755552373	0.061485809109444706	0.046466158331317564	0.06353138075555122	0.11295663325064996	0.12570002444352718
RAD51AP1	na	0.0	0.0	0.0	0.0	0.0	0.0	0.0
ENO2	na	0.0	0.0	0.0	0.0	0.0	0.0	0.0
PRH1	na	0.0	0.0	0.0	0.0	0.0	0.0	0.0
FAR2	na	0.0	0.0	0.0	0.0	0.0	0.0	0.0
KIAA1551	na	0.0	0.0	0.0	0.0	0.0	0.0	0.0
KRT18	na	0.29369791522976363	0.734732267835135	0.06806314726870769	0.06983793307221357	0.21502481356832837	0.6730493962979724	0.6573153360870335
XPOT	na	0.02897911617315174	0.05307499639314464	0.04451071737145434	0.045018759737537425	0.04023086063670045	0.04637463903831032	0.0784787925513944
VEZT	na	0.04286938356954464	0.04828876616962254	0.03915065438449384	0.046576994647814125	0.040782869844295744	0.048407885371254934	0.0627472595811354
METAP2	na	0.04509393278853637	0.07345309145012971	0.049622436175580265	0.04632015635835468	0.044725982358119816	0.05980900555924267	0.08513625425088175
VSIG10	na	0.04174013820976839	0.05055675341148147	0.047428074653624405	0.04348429741771984	0.0409112939660267	0.03694961471158617	0.06396624353006813
RPLP0	na	0.5673688199735432	1.3806922489899336	0.13388260490759393	0.2636218696669621	0.3858059196476621	1.0580651605398261	1.1892295880467667
MLEC	na	0.0602417225510741	0.05154265324666927	0.0765494408696567	0.07573886313597607	0.057400535379048837	0.04601238857634709	0.09064205100199381
PSMD9	na	0.037878485767803144	0.05830373039721739	0.04763517789723493	0.0408476248970969	0.04401962167200736	0.059328978433252334	0.07338994786224476
ARL6IP4	na	0.10307685739561415	0.13378535118844867	0.06100100674118553	0.05596240803783539	0.0725407272031083	0.1273568066384172	0.15013969776276875
POLE	na	0.04496266172680196	0.0525585671582518	0.0499248222795242	0.04054510933860523	0.04123913009363413	0.05079361545967107	0.07006989425197771
ZC3H13	na	0.03409312295085705	0.04065168473792556	0.038843614109989155	0.04296727270328689	0.03615147469955434	0.044110064762863	0.06431418307743253
MZT1	na	0.05348948365730981	0.06656185974905889	0.04706055376435306	0.04604535164812739	0.046810885886148054	0.06154047275668265	0.07034810054164353
ABCC4	na	0.0	0.0	0.0	0.0	0.0	0.0	0.0
ERCC5	na	0.0	0.0	0.0	0.0	0.0	0.0	0.0
ABHD13	na	0.045472974306123	0.058450352872574544	0.045436449237463664	0.038934767604236795	0.03688822850166454	0.03936429072837811	0.06134845189093158
ACIN1	na	0.03955271097957815	0.06038678635090473	0.05346328273317588	0.03580431917097591	0.04236736516345568	0.0606429077586793	0.07351477681213091
PABPN1	na	0.04192530094439657	0.053739754544477505	0.05635187032648616	0.038915066844833236	0.04231428958824673	0.04533522860407133	0.06666702566583797
THTPA	na	0.0	0.0	0.0	0.0	0.0	0.0	0.0
AP1G2	na	0.0394874556072431	0.050481894615606905	0.05246118842668238	0.04748764812873981	0.04245777993927185	0.041443599460136954	0.06463315140303667
RIPK3	na	0.0	0.0	0.0	0.0	0.0	0.0	0.0
POLE2	na	0.0	0.0	0.0	0.0	0.0	0.0	0.0
ARID4A	na	0.0	0.0	0.0	0.0	0.0	0.0	0.0
ZBTB1	na	0.0	0.0	0.0	0.0	0.0	0.0	0.0
IRF2BPL	na	0.0	0.0	0.0	0.0	0.0	0.0	0.0
TRIP11	na	0.0	0.0	0.0	0.0	0.0	0.0	0.0
BTBD7	na	0.0	0.0	0.0	0.0	0.0	0.0	0.0
YY1	na	0.045389100282046436	0.07700883883365621	0.03596131400890321	0.057570861219928285	0.0460919939691724	0.060034641235584524	0.07955513655149414
HSP90AA1	na	0.31860404164910855	0.8750474301339125	0.08786121868001584	0.18302072622659812	0.25783931829996787	0.8565905871213173	0.6812173099028569
TECPR2	na	0.0	0.0	0.0	0.0	0.0	0.0	0.0
CDC42BPB	na	0.045998602773187625	0.04630769284202481	0.04610962412008493	0.04996796949844595	0.038453969288999496	0.047127065508083175	0.058687154921188804
EMC7	na	0.03465978585333201	0.05568033647767137	0.039920463105019996	0.04671550848050233	0.03834549773539343	0.0470372166924371	0.07500581116445125
SPINT1	na	0.09064021311798133	0.09212439986696516	0.05663131494612666	0.07682442832952059	0.06423523158687083	0.08380513383335701	0.10287641125719008
SERF2	na	1.4051893410996816	3.407436849109231	0.37773095637623216	0.028576549387528665	0.8292611979496834	2.342666746175649	3.0035775755254126
PATL2	na	0.0	0.0	0.0	0.0	0.0	0.0	0.0
GALK2	na	0.0	0.0	0.0	0.0	0.0	0.0	0.0
FAM227B	na	0.0	0.0	0.0	0.0	0.0	0.0	0.0
TEX9	na	0.0	0.0	0.0	0.0	0.0	0.0	0.0
MNS1	na	0.0	0.0	0.0	0.0	0.0	0.0	0.0
CGNL1	na	0.0	0.0	0.0	0.0	0.0	0.0	0.0
MTFMT	na	0.0	0.0	0.0	0.0	0.0	0.0	0.0
PML	na	0.022981203977426916	0.0482284507280087	0.044836731420613334	0.039756632983311994	0.03563520630189879	0.041762825421414546	0.06788856582568695
SRRM2	na	0.10120936181576302	0.07642999866842975	0.12532045519912005	0.10234268806042807	0.0875485961454581	0.09132630812314702	0.13612227626686088
PLA2G10	na	0.0	0.0	0.0	0.0	0.0	0.0	0.0
NPIPA3	na	0.0	0.0	0.0	0.0	0.0	0.0	0.0
NPIPA1	na	0.0	0.0	0.0	0.0	0.0	0.0	0.0
UBFD1	na	0.042816098350305115	0.04600266427765747	0.048912818252775006	0.03877288160483682	0.0410576482620501	0.0463130794431183	0.06704101108127915
TNRC6A	na	0.0388674967415446	0.045396096179580105	0.04888410694262599	0.03396709356890424	0.03641590788384662	0.03838225684030874	0.05273166260043074
RABEP2	na	0.033941161370639086	0.04386650372368048	0.03937816320322924	0.049313236794107526	0.036925062653123106	0.035072912792810315	0.0654847196478911
NFATC2IP	na	0.0	0.0	0.0	0.0	0.0	0.0	0.0
SPNS1	na	0.025225673214977436	0.03383687008971797	0.04682701911799856	0.04131818877984994	0.03596084290188125	0.04248754598368021	0.06023707791088898
SULT1A3	na	0.0	0.0	0.0	0.0	0.0	0.0	0.0
ZNF768	na	0.04068806057149984	0.04961232256163634	0.05425369039585379	0.033237456535214746	0.038380598480869145	0.04368155500279328	0.057548101939156326
SRCAP	na	0.0	0.0	0.0	0.0	0.0	0.0	0.0
CCDC113	na	0.0	0.0	0.0	0.0	0.0	0.0	0.0
NAE1	na	0.04043369027701145	0.06678415387670457	0.04300087336800036	0.03807797086374454	0.04228319198579344	0.055199410402617596	0.0798733025958666
NOL3	na	0.03901608703714256	0.05426709696707089	0.04622050518591115	0.04570019182696706	0.039844223390337524	0.04231914484167044	0.07780406413609924
EDC4	na	0.0	0.0	0.0	0.0	0.0	0.0	0.0
NQO1	na	0.1219491994330848	0.2325277473171875	0.08722488235617518	0.05754010209177926	0.10081801285557884	0.15772055043530472	0.2599152289909224
NOB1	na	0.03136434987200777	0.05782453314093877	0.0409112872949886	0.039765411431307435	0.03935386163429778	0.04173367679238879	0.06941817743763423
AARS	na	0.06337443105748286	0.06186668169069941	0.06327269315220894	0.04687617421774248	0.050451155957819245	0.06329346228608174	0.09161443244832469
ATP2C2	na	0.038755562078735484	0.039906610889324366	0.04913469324812865	0.04354984737703856	0.03891948019576439	0.0377188415326396	0.05972315772422471
KIAA0513	na	0.0	0.0	0.0	0.0	0.0	0.0	0.0
GSE1	na	0.07794762926361556	0.11609408583734326	0.06822763390044215	0.08409540191315348	0.07221201372544367	0.09856601742575069	0.1344478935416812
DBNDD1	na	0.04487021506679553	0.06891170269555127	0.04412862369968584	0.0464729649459708	0.04620668015994121	0.05590257856473299	0.08434587177910305
GAS8	na	0.05501332161942834	0.04728148721855146	0.0684029783372059	0.05521420175926142	0.0539646987223555	0.060703254197504435	0.07871897398311718
NXN	na	0.03263014843897649	0.04562299657881483	0.04566702217649327	0.05151871278342117	0.04022725331148663	0.04090055230640047	0.06549637197489895
MYO1C	na	0.06703339002891705	0.08834910476493843	0.05391377819287578	0.0452743075780045	0.05375429772499616	0.1138262234718517	0.10199823518462517
ZZEF1	na	0.034722114561354565	0.039795328558189354	0.04574284505470956	0.03849042196789393	0.035366486547563754	0.04675999098650698	0.056991519764381535
CYB5D2	na	0.0	0.0	0.0	0.0	0.0	0.0	0.0
ANKFY1	na	0.0	0.0	0.0	0.0	0.0	0.0	0.0
PELP1	na	0.0291632744788865	0.04541091100198302	0.04462519834638033	0.04135209651550738	0.03493746901609281	0.03745725800733018	0.06600196682645633
KIF1C	na	0.04642201507205274	0.05662080101350357	0.05201177704442212	0.04231842365841944	0.04191681050697065	0.04622971636696746	0.0746198726370307
NAA38	na	0.07175561365907135	0.17764680548557424	0.0370014156745673	0.058340068664755516	0.0691743286939455	0.13111129164270796	0.1344461207953989
CHD3	na	0.04176352012552879	0.05205779989030582	0.05371490376410174	0.03928751626889503	0.041952598497514454	0.04712469404645023	0.06449968783528875
MYH10	na	0.03599933206540813	0.04948526826762533	0.05044161047573548	0.03301175695816525	0.03641100045088948	0.04390058365599073	0.05661157747148992
SUPT6H	na	0.07461051611389366	0.08305824686815712	0.07148872932206282	0.062334526889579654	0.06080436912495881	0.09107174824295645	0.11224972995752681
MYO18A	na	0.0	0.0	0.0	0.0	0.0	0.0	0.0
NUFIP2	na	0.10769052398799508	0.16647282702878777	0.0942261743784772	0.06935815240823019	0.09060478256934038	0.18049281328291553	0.19753259174856008
NF1	na	0.04756079502457111	0.07038417276306683	0.04975113079198964	0.05250971637837524	0.04887820337813804	0.06413133450998833	0.08222237341258158
AP2B1	na	0.20214557307943873	0.3158947188082076	0.16335791717845705	0.10335268899143614	0.15593241715006684	0.3170259161746838	0.3566956951980617
TAF15	na	0.0	0.0	0.0	0.0	0.0	0.0	0.0
AATF	na	0.1271798620265042	0.21499482085209498	0.116073413162382	0.036285839479533746	0.09867733347229997	0.20490982858069734	0.22435438577860436
ERBB2	na	1.6256613927028403	2.119225587254619	1.5830142403471392	0.9942960123521698	1.265205034669157	1.6396493624283208	2.880613939740439
MIEN1	na	0.5351881625248969	1.0869106105110893	0.19870183371464092	0.1797628615429838	0.3272839032640706	0.7509993695089975	0.9445916947127024
CDC6	na	0.04747382996410059	0.0468385950533987	0.04638326468279998	0.04704934870783319	0.039747511908498075	0.049459945795574244	0.06274716200408487
NBR1	na	0.04336572085412454	0.04011449867645073	0.0419598713858937	0.04388240814582019	0.03618329284975785	0.04189027585385967	0.061387659264179294
GJC1	na	0.0	0.0	0.0	0.0	0.0	0.0	0.0
COL1A1	na	0.3758645211155099	0.7312630654749376	0.15591038559758646	0.08447288719147643	0.2514527338527791	0.6708375866326637	0.6077859877248876
MRPL27	na	0.40630403855332153	0.8214614147457946	0.19564539568875414	0.1380262340639829	0.27249883265804514	0.6249093163688996	0.7249149086043618
RSAD1	na	0.05206434987758766	0.06636367955626538	0.05838757962358825	0.05529203925933646	0.053952680744009496	0.0722669490904112	0.09109506975900868
ANKRD40	na	0.11920782388867993	0.14892635030534715	0.11400959253145773	0.05008919398966834	0.09175934651856044	0.1548187385488239	0.2031428780120303
LUC7L3	na	0.17552970130922918	0.2416771553588303	0.20245545811949625	0.10921754172479822	0.14885653556457734	0.2097637528905393	0.30164710224115904
NACA2	na	0.0	0.0	0.0	0.0	0.0	0.0	0.0
TEX2	na	0.0427900087646109	0.10366701683894874	0.04560177533732683	0.05224901599906287	0.05524104300680035	0.08977250600407963	0.10879883386095565
DDX5	na	0.34277675671673913	0.7232423720585642	0.2611468242840553	0.12905729506890518	0.2767660807999509	0.5647583725388141	0.743749222572971
FAM104A	na	0.028908677834250843	0.03856506379740783	0.039333097783495787	0.04150763603827857	0.036602095222528476	0.0481642617983931	0.06544311355316272
C17orf80	na	0.0	0.0	0.0	0.0	0.0	0.0	0.0
MRPS7	na	0.04498151030242586	0.08682260472047619	0.05137098756674081	0.05077280559674721	0.04766570317800432	0.05369821660194393	0.08834614492316561
MRPL38	na	0.0	0.0	0.0	0.0	0.0	0.0	0.0
SRP68	na	0.03891861006505561	0.04553185065643405	0.04761916629628362	0.0444093105194173	0.038035879097697685	0.048339751512370105	0.06379407894780761
TIMP2	na	0.0632384025449886	0.11331431027491688	0.06527526754257691	0.04500181273188729	0.06397490229035303	0.12199558712106998	0.12862486445065802
GAA	na	0.03618545565723095	0.056625314999012334	0.041877664276710774	0.043626489751735366	0.03910578668022194	0.05218133174583087	0.07151808847744447
CARD14	na	0.0	0.0	0.0	0.0	0.0	0.0	0.0
SLC16A3	na	0.044256950344161744	0.042833416731946336	0.04683112750635206	0.05993432036664352	0.04539357287493095	0.04922887998589501	0.06836965783898714
NDUFV2	na	0.10120218300847936	0.2577552034388538	0.045541088735698905	0.06176195837876996	0.0922668293515378	0.20506282830226488	0.23102058844742185
ANKRD12	na	0.04132723985943201	0.051743058942487354	0.035269023892762985	0.0472798166143933	0.037585949012851484	0.04513122857597923	0.06788077988424958
TUBB6	na	0.03407804946671683	0.051344293222621164	0.04188447047938069	0.032322607563437196	0.03723217755013169	0.0581085317354185	0.059014547176682204
SEH1L	na	0.03422885289846221	0.03685646672697436	0.039003622756219436	0.04469811921975241	0.035939928240874164	0.0449644878618016	0.05732988291442407
ESCO1	na	0.0	0.0	0.0	0.0	0.0	0.0	0.0
OSBPL1A	na	0.0	0.0	0.0	0.0	0.0	0.0	0.0
GALNT1	na	0.04961678673586409	0.07548059961882567	0.052614159313983375	0.04432414532757858	0.04772723977412545	0.055341665415826004	0.08003990860221798
SOX12	na	0.04599744894007388	0.039201306981378324	0.053197643434747845	0.04432283512759857	0.041955188130190474	0.03217667400844587	0.06188689796122503
MCM8	na	0.0	0.0	0.0	0.0	0.0	0.0	0.0
PLCB1	na	0.0	0.0	0.0	0.0	0.0	0.0	0.0
KIF16B	na	0.0	0.0	0.0	0.0	0.0	0.0	0.0
CD93	na	0.0509120364517628	0.050328921207357845	0.048711398338826664	0.024179922746519974	0.03844508767643965	0.0676843585727961	0.07272110140172557
GZF1	na	0.0	0.0	0.0	0.0	0.0	0.0	0.0
KIF3B	na	0.051109867712979595	0.048754796304131154	0.0482118245523519	0.03752886791890062	0.03840538952524312	0.04971088542798461	0.0590440769300108
ZMYND8	na	0.05507259497094743	0.11182789154658156	0.06550134528032513	0.056623986083458595	0.06185794048690978	0.11003173784783478	0.10483931159737264
NCOA3	na	0.03885809689744571	0.05087848210478621	0.04459549268662441	0.0449709224469713	0.03579042806767389	0.03629386111726582	0.05729642273236854
RNF114	na	0.0616588668705649	0.10413842229051146	0.04580266226022685	0.06398904005086423	0.054776551272026665	0.08001776524007573	0.09850146844552167
TPD52L2	na	0.0784181005437289	0.12352395087191166	0.06821780452873367	0.05296465587640845	0.0696752852986098	0.11821692805870451	0.1455564520761233
MYT1	na	0.0	0.0	0.0	0.0	0.0	0.0	0.0
WDR18	na	0.05068692820450696	0.05682158428343462	0.044080801447595276	0.0472515001029649	0.04491229952488797	0.06437461935741054	0.07046671254407698
MBD3	na	0.04933511688234985	0.049710448223742966	0.05075705522130101	0.05319290820476478	0.045818920716471305	0.06804257997471504	0.06492597823993576
SF3A2	na	0.03688732444071916	0.05677998588924018	0.061443524158515346	0.03701295918302527	0.04177946098949775	0.04937086655068942	0.07384045740652916
PIAS4	na	0.04757262150317892	0.04945290899682714	0.05067452512091151	0.053404451592843724	0.04004716292858753	0.045304404817965126	0.06557910234006453
GTF2F1	na	0.041852931237437205	0.05433080951532587	0.050063917613968195	0.04715578044362453	0.042257176987923896	0.056549415275678326	0.07481814464079722
TRAPPC5	na	0.0	0.0	0.0	0.0	0.0	0.0	0.0
ELAVL1	na	0.04654225747130737	0.06809299440318889	0.04719917782491868	0.043689747416193206	0.04657895416673432	0.0651834484601653	0.0773879203821663
CERS4	na	0.05971703253883172	0.05726028742405549	0.05212550663920169	0.08349144586812324	0.055831170773135014	0.06501549956764897	0.08409793328066337
DNM2	na	0.0404555878479214	0.06024865193350842	0.0450385730313674	0.04228891973664246	0.04259958247928651	0.05664023192521305	0.07519352716927481
DHPS	na	0.05384904520287446	0.05663291876125996	0.0478935362550573	0.03946075736957154	0.04549867311762408	0.06629079562284736	0.07110867720483403
NOTCH3	na	0.049451177838672256	0.06957369987987218	0.05849943229063155	0.042670291285694086	0.05180486917980592	0.07810993631679541	0.10293820181079553
USHBP1	na	0.0	0.0	0.0	0.0	0.0	0.0	0.0
BABAM1	na	0.04829843289059288	0.06019999456459321	0.04018783362706346	0.050823114967697904	0.04009480321202743	0.050740157101816875	0.06916120233556161
JUND	na	0.08365061755891946	0.11376089367221702	0.10540360158537877	0.07079732373511591	0.08273488482501369	0.11776529700258745	0.17452165868646644
NDUFA13	na	0.19623113453233987	0.38251496436012433	0.1070368181902735	0.11229482240328179	0.15669688420153702	0.32258027524840427	0.3880972945764881
ZNF681	na	0.0	0.0	0.0	0.0	0.0	0.0	0.0
UBA2	na	0.03826859648922005	0.05452726814919175	0.039089980205586176	0.052141054646385514	0.041150085799401805	0.04867293573038496	0.07430068822732928
COX6B1	na	0.20950634137812363	0.515037997452588	0.027127649526481626	0.09458742510418543	0.14954301048271926	0.383186634811441	0.4161356760116669
ARHGAP33	na	0.0	0.0	0.0	0.0	0.0	0.0	0.0
CAPNS1	na	0.08735409770783156	0.1520509477807397	0.08812645186362662	0.05477427285318278	0.08332908710928774	0.15718911984417733	0.18072132528716997
SPRED3	na	0.0	0.0	0.0	0.0	0.0	0.0	0.0
FAM98C	na	0.0	0.0	0.0	0.0	0.0	0.0	0.0
RYR1	na	0.0	0.0	0.0	0.0	0.0	0.0	0.0
ZNF428	na	0.04750309373984231	0.05081426684861589	0.060737216454872185	0.040740672239419434	0.04014219771748137	0.051503911855049156	0.06679725034394725
APOC1	na	0.18525976981162526	0.36445025348839405	0.025510310588393013	0.12045397322793854	0.14167971045326347	0.4163829574470834	0.30773623072521644
CLPTM1	na	0.051953244399499596	0.046320074486646004	0.046719721320022084	0.05024006138129798	0.046165992187096404	0.06683660689189014	0.07493449940966022
CD3EAP	na	0.0	0.0	0.0	0.0	0.0	0.0	0.0
ERCC1	na	0.03719317898392697	0.05451672861151566	0.043274902752241995	0.03553921406747315	0.038556078020721626	0.04814646864064849	0.062172125595827195
ZC3H4	na	0.03380620107716929	0.049435645903688784	0.04776206890210029	0.039722485853726425	0.03748146946595879	0.03891005118215106	0.057794036624988054
CCDC9	na	0.0	0.0	0.0	0.0	0.0	0.0	0.0
NUCB1	na	0.04227103290882145	0.0514882463237101	0.04713210262185208	0.04630734691460832	0.04101425948834509	0.05681110982052487	0.06942652814283473
SCAF1	na	0.04129893952138773	0.04485083304809322	0.04924671891869464	0.040661623034796694	0.038651393616696915	0.042905233105652425	0.06236478666143954
MYH14	na	0.0	0.0	0.0	0.0	0.0	0.0	0.0
LILRB4	na	0.0	0.0	0.0	0.0	0.0	0.0	0.0
PPP6R1	na	0.03939719189181498	0.059807132314386724	0.05273044132197635	0.04219698122954072	0.04277175421474655	0.06269130632730732	0.07581961557099456
IL11	na	0.0	0.0	0.0	0.0	0.0	0.0	0.0
TRMT2A	na	0.0	0.0	0.0	0.0	0.0	0.0	0.0
RANBP1	na	0.06948560839097555	0.12874717289187576	0.043959497178313274	0.054559023484576676	0.06635152749445265	0.12244161167065033	0.12833773350092084
GGT1	na	0.034525224636028015	0.03775102990911008	0.06123077403728213	0.06605304337488423	0.05147103740309978	0.051266968739200725	0.08711748103385568
CCDC117	na	0.03715979328305359	0.04373988838893441	0.04160891232053854	0.03804226007218416	0.03633432067240236	0.051774279100011096	0.06471636234672533
MORC2	na	0.04386575083312212	0.04694615871518642	0.04482748633403615	0.048714132143517344	0.03641716661319751	0.040506758960110884	0.05839942841144633
MYH9	na	0.1535186721895098	0.2642621879935902	0.10605436490614316	0.06748171364603893	0.11935625659975317	0.2787714493571851	0.3032743291445221
TST	na	0.05687036988565614	0.08352468109044676	0.03636697227142374	0.0685073055781498	0.050276954614827445	0.07959328024422042	0.06523421204202193
SH3BP1	na	0.0	0.0	0.0	0.0	0.0	0.0	0.0
GCAT	na	0.04916774166542915	0.040950552841890406	0.05061517127540088	0.04512612979132769	0.03958460091631581	0.04791982880259837	0.0723519955787072
MICALL1	na	0.0	0.0	0.0	0.0	0.0	0.0	0.0
PLA2G6	na	0.03689272803752946	0.035292579640481825	0.043891847143954825	0.052078381747893004	0.039473440032987854	0.032295278961137444	0.06240412797690314
SREBF2	na	0.054432061442753484	0.07783821466083617	0.06116976702798766	0.05633295907567411	0.0517588211261628	0.06352416190523937	0.078917901440735
U2AF1L5	na	0.0	0.0	0.0	0.0	0.0	0.0	0.0
LTN1	na	0.0	0.0	0.0	0.0	0.0	0.0	0.0
GART	na	0.034711640808740396	0.04125251387139867	0.04925716304759916	0.043180544978148966	0.038738367550573236	0.042101547972164956	0.05758958757065705
SON	na	0.1033256269148826	0.20675140525216834	0.07071057742558814	0.10683291380602525	0.09951373209740676	0.21998576055453103	0.18413483076111076
TTC3	na	0.05559782571575714	0.0933105137164945	0.03649081586074825	0.05817302137652443	0.05205133452068133	0.08908678725911708	0.08720613958082701
