NAME	DESCRIPTION	1	2	3	4	5	6	7
ISG15	na	0.2223468248263198	0.4004444975496475	0.24821189994389536	0.12681313170963485	0.21193651942168873	0.4116955790179393	0.516939634513879
DVL1	na	0.0	0.0	0.0	0.0	0.0	0.0	0.0
ATAD3B	na	0.0	0.0	0.0	0.0	0.0	0.0	0.0
RERE	na	0.0	0.0	0.0	0.0	0.0	0.0	0.0
SLC2A5	na	0.0	0.0	0.0	0.0	0.0	0.0	0.0
CLSTN1	na	0.0	0.0	0.0	0.0	0.0	0.0	0.0
EXOSC10	na	0.0	0.0	0.0	0.0	0.0	0.0	0.0
PRDM2	na	0.0	0.0	0.0	0.0	0.0	0.0	0.0
EIF4G3	na	0.0	0.0	0.0	0.0	0.0	0.0	0.0
CNKSR1	na	0.0	0.0	0.0	0.0	0.0	0.0	0.0
UBXN11	na	0.0	0.0	0.0	0.0	0.0	0.0	0.0
EIF3I	na	0.06363991678182798	0.04673027603268373	0.09343436984648448	0.09570825116529003	0.07025876391284475	0.058412096436462425	0.08070143405555256
THRAP3	na	0.0	0.0	0.0	0.0	0.0	0.0	0.0
SNIP1	na	0.0	0.0	0.0	0.0	0.0	0.0	0.0
PABPC4	na	0.10668198828325443	0.06278434027284152	0.11781666455195486	0.14219205157584142	0.09696710404816467	0.09858526798074152	0.11038984544715681
CAP1	na	0.11001541757052774	0.15405974931829103	0.14295391876127342	0.10986359306785026	0.10937304129573074	0.14108379505883656	0.20422334246404267
IPP	na	0.0	0.0	0.0	0.0	0.0	0.0	0.0
MAST2	na	0.0	0.0	0.0	0.0	0.0	0.0	0.0
PIK3R3	na	0.0	0.0	0.0	0.0	0.0	0.0	0.0
NDC1	na	0.0	0.0	0.0	0.0	0.0	0.0	0.0
JUN	na	0.07604983421023868	0.04252409087641906	0.10766586711895582	0.10007937413077943	0.08411996322414612	0.07111502126518161	0.09805177085127867
SERBP1	na	0.08501986901162137	0.07466387692666457	0.13576420266642342	0.13941898322971213	0.10186390938980397	0.08806006399230724	0.12276357594912995
BCL10	na	0.0	0.0	0.0	0.0	0.0	0.0	0.0
RBMXL1	na	0.0	0.0	0.0	0.0	0.0	0.0	0.0
GBP3	na	0.0	0.0	0.0	0.0	0.0	0.0	0.0
CCDC18	na	0.0	0.0	0.0	0.0	0.0	0.0	0.0
DPYD	na	0.0	0.0	0.0	0.0	0.0	0.0	0.0
PRPF38B	na	0.0	0.0	0.0	0.0	0.0	0.0	0.0
STXBP3	na	0.0	0.0	0.0	0.0	0.0	0.0	0.0
SLC16A4	na	0.0	0.0	0.0	0.0	0.0	0.0	0.0
DDX20	na	0.0	0.0	0.0	0.0	0.0	0.0	0.0
NGF	na	0.0	0.0	0.0	0.0	0.0	0.0	0.0
IGSF3	na	0.0	0.0	0.0	0.0	0.0	0.0	0.0
NBPF15	na	0.0	0.0	0.0	0.0	0.0	0.0	0.0
POLR3GL	na	0.0	0.0	0.0	0.0	0.0	0.0	0.0
NBPF12	na	0.0	0.0	0.0	0.0	0.0	0.0	0.0
NBPF11	na	0.0	0.0	0.0	0.0	0.0	0.0	0.0
HIST2H2AA4	na	0.0	0.0	0.0	0.0	0.0	0.0	0.0
HIST2H2BE	na	0.0	0.0	0.0	0.0	0.0	0.0	0.0
PRPF3	na	0.0	0.0	0.0	0.0	0.0	0.0	0.0
CDC42SE1	na	0.0	0.0	0.0	0.0	0.0	0.0	0.0
HAX1	na	0.0	0.0	0.0	0.0	0.0	0.0	0.0
PBXIP1	na	0.0	0.0	0.0	0.0	0.0	0.0	0.0
ADAM15	na	0.05948026448309	0.01654985684643509	0.09517229265495532	0.13217390602353413	0.08093628473068988	0.0422714283820377	0.08259662884483451
EFNA3	na	0.0	0.0	0.0	0.0	0.0	0.0	0.0
THBS3	na	0.0	0.0	0.0	0.0	0.0	0.0	0.0
MTX1	na	0.0	0.0	0.0	0.0	0.0	0.0	0.0
SCAMP3	na	0.0	0.0	0.0	0.0	0.0	0.0	0.0
ASH1L	na	0.0	0.0	0.0	0.0	0.0	0.0	0.0
YY1AP1	na	0.0	0.0	0.0	0.0	0.0	0.0	0.0
MEX3A	na	0.0	0.0	0.0	0.0	0.0	0.0	0.0
LMNA	na	0.08345200741500068	0.05573664142230392	0.13164664972526427	0.11555815930905651	0.09442692530462735	0.055935123317351614	0.11284602962848599
PMF1	na	0.0	0.0	0.0	0.0	0.0	0.0	0.0
USP21	na	0.0	0.0	0.0	0.0	0.0	0.0	0.0
RC3H1	na	0.0	0.0	0.0	0.0	0.0	0.0	0.0
CEP350	na	0.0	0.0	0.0	0.0	0.0	0.0	0.0
TPR	na	0.0	0.0	0.0	0.0	0.0	0.0	0.0
ADIPOR1	na	0.07936814890132388	0.038993767410085645	0.09961174667223383	0.13132853681342363	0.07652692006454513	0.03822056033934295	0.08112196107500383
SRGAP2	na	0.0	0.0	0.0	0.0	0.0	0.0	0.0
INTS7	na	0.0	0.0	0.0	0.0	0.0	0.0	0.0
PPP2R5A	na	0.0	0.0	0.0	0.0	0.0	0.0	0.0
TMEM63A	na	0.0	0.0	0.0	0.0	0.0	0.0	0.0
ARV1	na	0.0	0.0	0.0	0.0	0.0	0.0	0.0
RBM34	na	0.0	0.0	0.0	0.0	0.0	0.0	0.0
ARID4B	na	0.0	0.0	0.0	0.0	0.0	0.0	0.0
KMO	na	0.0	0.0	0.0	0.0	0.0	0.0	0.0
OPN3	na	0.0	0.0	0.0	0.0	0.0	0.0	0.0
RPS7	na	0.3148094804279044	0.7099224744589423	0.11341013557998503	0.31823694235899164	0.2570358036198177	0.5770604486260086	0.5712744974963853
PPM1G	na	0.0	0.0	0.0	0.0	0.0	0.0	0.0
CEBPZOS	na	0.0	0.0	0.0	0.0	0.0	0.0	0.0
CEBPZ	na	0.0	0.0	0.0	0.0	0.0	0.0	0.0
STON1	na	0.0	0.0	0.0	0.0	0.0	0.0	0.0
SMYD5	na	0.0	0.0	0.0	0.0	0.0	0.0	0.0
CCT7	na	0.06478002264226904	0.09113820302234274	0.10910450698691693	0.11527020370231657	0.08455921308899038	0.08300294412354599	0.12342097074758884
WBP1	na	0.0	0.0	0.0	0.0	0.0	0.0	0.0
MRPL19	na	0.0	0.0	0.0	0.0	0.0	0.0	0.0
GCFC2	na	0.0	0.0	0.0	0.0	0.0	0.0	0.0
ST3GAL5	na	0.0	0.0	0.0	0.0	0.0	0.0	0.0
CHMP3	na	0.0	0.0	0.0	0.0	0.0	0.0	0.0
TBC1D8	na	0.0	0.0	0.0	0.0	0.0	0.0	0.0
CBWD2	na	0.0	0.0	0.0	0.0	0.0	0.0	0.0
SLC35F5	na	0.0	0.0	0.0	0.0	0.0	0.0	0.0
RAB3GAP1	na	0.0	0.0	0.0	0.0	0.0	0.0	0.0
FMNL2	na	0.0	0.0	0.0	0.0	0.0	0.0	0.0
BAZ2B	na	0.0	0.0	0.0	0.0	0.0	0.0	0.0
GCA	na	0.0	0.0	0.0	0.0	0.0	0.0	0.0
SP3	na	0.0	0.0	0.0	0.0	0.0	0.0	0.0
RBM45	na	0.0	0.0	0.0	0.0	0.0	0.0	0.0
ZC3H15	na	0.0	0.0	0.0	0.0	0.0	0.0	0.0
GTF3C3	na	0.0	0.0	0.0	0.0	0.0	0.0	0.0
NDUFB3	na	0.0982943641367973	0.12991352079867347	0.08922171131345023	0.09603506686525679	0.0849183560233786	0.11866117038572409	0.1282132927076976
GIGYF2	na	0.0	0.0	0.0	0.0	0.0	0.0	0.0
TRAF3IP1	na	0.0	0.0	0.0	0.0	0.0	0.0	0.0
SEPT2	na	0.06595789598656596	0.07057386129655954	0.10584201465522144	0.10384859315069482	0.0809926922456346	0.055848019611372084	0.11139327041975583
FARP2	na	0.0	0.0	0.0	0.0	0.0	0.0	0.0
TATDN2	na	0.0	0.0	0.0	0.0	0.0	0.0	0.0
TMEM40	na	0.0	0.0	0.0	0.0	0.0	0.0	0.0
UBE2E1	na	0.0	0.0	0.0	0.0	0.0	0.0	0.0
NGLY1	na	0.0	0.0	0.0	0.0	0.0	0.0	0.0
DYNC1LI1	na	0.0	0.0	0.0	0.0	0.0	0.0	0.0
PDCD6IP	na	0.0	0.0	0.0	0.0	0.0	0.0	0.0
NKTR	na	0.0	0.0	0.0	0.0	0.0	0.0	0.0
ZBTB47	na	0.0	0.0	0.0	0.0	0.0	0.0	0.0
ATRIP	na	0.0	0.0	0.0	0.0	0.0	0.0	0.0
ARIH2	na	0.0	0.0	0.0	0.0	0.0	0.0	0.0
RBM6	na	0.0	0.0	0.0	0.0	0.0	0.0	0.0
HEMK1	na	0.0	0.0	0.0	0.0	0.0	0.0	0.0
FAM208A	na	0.0	0.0	0.0	0.0	0.0	0.0	0.0
APPL1	na	0.0	0.0	0.0	0.0	0.0	0.0	0.0
FOXP1	na	0.0	0.0	0.0	0.0	0.0	0.0	0.0
DCBLD2	na	0.0	0.0	0.0	0.0	0.0	0.0	0.0
NFKBIZ	na	0.07762391582095088	0.03449175926792847	0.1324501980843939	0.16686437296884563	0.09936160062101945	0.053267539277255416	0.09728459431898359
CFAP44	na	0.0	0.0	0.0	0.0	0.0	0.0	0.0
NDUFB4	na	0.2122610834463701	0.37220221303626033	0.15439831337168516	0.11723582619455802	0.16799065954125936	0.3105256005751512	0.3723649617822262
PODXL2	na	0.0	0.0	0.0	0.0	0.0	0.0	0.0
ABTB1	na	0.0	0.0	0.0	0.0	0.0	0.0	0.0
ATP2C1	na	0.0	0.0	0.0	0.0	0.0	0.0	0.0
ASTE1	na	0.0	0.0	0.0	0.0	0.0	0.0	0.0
DHX36	na	0.0	0.0	0.0	0.0	0.0	0.0	0.0
MFSD1	na	0.0	0.0	0.0	0.0	0.0	0.0	0.0
GOLIM4	na	0.0	0.0	0.0	0.0	0.0	0.0	0.0
YEATS2	na	0.0	0.0	0.0	0.0	0.0	0.0	0.0
DNAJB11	na	0.0	0.0	0.0	0.0	0.0	0.0	0.0
LPP	na	0.0	0.0	0.0	0.0	0.0	0.0	0.0
LETM1	na	0.0	0.0	0.0	0.0	0.0	0.0	0.0
C4orf48	na	0.07131006317905512	0.06264291679805273	0.1147030521147002	0.09761056793312699	0.0945702610894778	0.18654492962400726	0.11160591213105109
FAM193A	na	0.0	0.0	0.0	0.0	0.0	0.0	0.0
STK32B	na	0.0	0.0	0.0	0.0	0.0	0.0	0.0
JAKMIP1	na	0.0	0.0	0.0	0.0	0.0	0.0	0.0
WDR1	na	0.07107273639167883	0.04023458848080508	0.10694992334206613	0.1309173212888719	0.0821475532576099	0.05725695573238002	0.09100072193104808
QDPR	na	0.0	0.0	0.0	0.0	0.0	0.0	0.0
TLR1	na	0.0	0.0	0.0	0.0	0.0	0.0	0.0
FIP1L1	na	0.0	0.0	0.0	0.0	0.0	0.0	0.0
UTP3	na	0.0	0.0	0.0	0.0	0.0	0.0	0.0
CCNG2	na	0.07359520559105961	0.022765997188094828	0.11208502418221278	0.164599649098501	0.09315115910310241	0.036200728931000896	0.06727285177785491
CXXC4	na	0.0	0.0	0.0	0.0	0.0	0.0	0.0
SEC24B	na	0.0	0.0	0.0	0.0	0.0	0.0	0.0
USP53	na	0.0	0.0	0.0	0.0	0.0	0.0	0.0
GAB1	na	0.0	0.0	0.0	0.0	0.0	0.0	0.0
SMARCA5	na	0.0	0.0	0.0	0.0	0.0	0.0	0.0
LRBA	na	0.0	0.0	0.0	0.0	0.0	0.0	0.0
RPS3A	na	0.6642550155154537	0.9059715301734972	0.4948081751568828	0.4380191294594898	0.4547169518996771	0.5511197580625838	1.038620411796945
SH3D19	na	0.0	0.0	0.0	0.0	0.0	0.0	0.0
WWC2	na	0.0	0.0	0.0	0.0	0.0	0.0	0.0
UFSP2	na	0.0	0.0	0.0	0.0	0.0	0.0	0.0
NKD2	na	0.0	0.0	0.0	0.0	0.0	0.0	0.0
CCT5	na	0.08062110511078534	0.07525022113451207	0.14247381695438274	0.16884768505609116	0.11610400099166426	0.11132557969211027	0.1498042889707651
DNAH5	na	0.0	0.0	0.0	0.0	0.0	0.0	0.0
MYO10	na	0.0	0.0	0.0	0.0	0.0	0.0	0.0
LMBRD2	na	0.0	0.0	0.0	0.0	0.0	0.0	0.0
PAIP1	na	0.06353082276020441	0.04530808417474308	0.08415832206296055	0.10762864427531985	0.07120741599914497	0.05513101206961353	0.08597799179524793
KIF2A	na	0.0	0.0	0.0	0.0	0.0	0.0	0.0
MAST4	na	0.0	0.0	0.0	0.0	0.0	0.0	0.0
SLC30A5	na	0.0	0.0	0.0	0.0	0.0	0.0	0.0
SMN1	na	0.0	0.0	0.0	0.0	0.0	0.0	0.0
AGGF1	na	0.0	0.0	0.0	0.0	0.0	0.0	0.0
VCAN	na	0.0	0.0	0.0	0.0	0.0	0.0	0.0
ELL2	na	0.0	0.0	0.0	0.0	0.0	0.0	0.0
PAM	na	0.0	0.0	0.0	0.0	0.0	0.0	0.0
AP3S1	na	0.0	0.0	0.0	0.0	0.0	0.0	0.0
HSD17B4	na	0.0	0.0	0.0	0.0	0.0	0.0	0.0
RAD50	na	0.0	0.0	0.0	0.0	0.0	0.0	0.0
SOWAHA	na	0.0	0.0	0.0	0.0	0.0	0.0	0.0
UQCRQ	na	0.35383481200695793	0.605791939678536	0.24533790847364229	0.25474234979610355	0.2730932776666427	0.46760122687086425	0.6238443723639562
FSTL4	na	0.0	0.0	0.0	0.0	0.0	0.0	0.0
HNRNPA0	na	0.0	0.0	0.0	0.0	0.0	0.0	0.0
PFDN1	na	0.0	0.0	0.0	0.0	0.0	0.0	0.0
SRA1	na	0.0	0.0	0.0	0.0	0.0	0.0	0.0
EIF4EBP3	na	0.0	0.0	0.0	0.0	0.0	0.0	0.0
NDUFA2	na	0.12230183452641967	0.1340968407312187	0.10521422177967561	0.10313309746057818	0.09767887159049093	0.1469424819476346	0.18022076166613077
IK	na	0.0	0.0	0.0	0.0	0.0	0.0	0.0
PCDH12	na	0.0	0.0	0.0	0.0	0.0	0.0	0.0
TCERG1	na	0.0	0.0	0.0	0.0	0.0	0.0	0.0
FAM114A2	na	0.0	0.0	0.0	0.0	0.0	0.0	0.0
PWWP2A	na	0.0	0.0	0.0	0.0	0.0	0.0	0.0
C1QTNF2	na	0.0	0.0	0.0	0.0	0.0	0.0	0.0
HMMR	na	0.0	0.0	0.0	0.0	0.0	0.0	0.0
FAM193B	na	0.0	0.0	0.0	0.0	0.0	0.0	0.0
TRIM52	na	0.0	0.0	0.0	0.0	0.0	0.0	0.0
FOXC1	na	0.0	0.0	0.0	0.0	0.0	0.0	0.0
STMND1	na	0.0	0.0	0.0	0.0	0.0	0.0	0.0
DEK	na	0.0	0.0	0.0	0.0	0.0	0.0	0.0
HIST1H2BD	na	0.0	0.0	0.0	0.0	0.0	0.0	0.0
HIST1H3G	na	0.0	0.0	0.0	0.0	0.0	0.0	0.0
HIST1H1B	na	0.0	0.0	0.0	0.0	0.0	0.0	0.0
HLA-A	na	0.2717539135741167	0.29920856210673097	0.37354307154470523	0.48090863730488426	0.32936450164658226	0.38842722558108606	0.4609259113919889
TRIM26	na	0.0	0.0	0.0	0.0	0.0	0.0	0.0
HLA-C	na	0.17845714733142656	0.277467712857402	0.18889721574830137	0.33861554402010874	0.2112059806560641	0.34793462269521064	0.29020486132073775
HLA-B	na	0.24259566808048708	0.27047440770822617	0.3852912098223932	0.5605380350966196	0.34635308785611035	0.4333166347680668	0.4002464792145627
EHMT2	na	0.0	0.0	0.0	0.0	0.0	0.0	0.0
HLA-DRB1	na	0.09040949460048389	0.169323147301085	0.04849759270668802	0.13244644825999588	0.11132920535530182	0.202036302925103	0.15274429815496526
HLA-DQA1	na	0.0	0.0	0.0	0.0	0.0	0.0	0.0
HLA-DQB1	na	0.0	0.0	0.0	0.0	0.0	0.0	0.0
HLA-DQA2	na	0.0	0.0	0.0	0.0	0.0	0.0	0.0
HLA-DQB2	na	0.0	0.0	0.0	0.0	0.0	0.0	0.0
SRSF3	na	0.09270207309302003	0.061970880001777195	0.14209505950793314	0.17104603760984913	0.10728019690233036	0.07406006680259598	0.11306360118296016
TRERF1	na	0.0	0.0	0.0	0.0	0.0	0.0	0.0
DST	na	0.0	0.0	0.0	0.0	0.0	0.0	0.0
KIAA1586	na	0.0	0.0	0.0	0.0	0.0	0.0	0.0
SMAP1	na	0.0	0.0	0.0	0.0	0.0	0.0	0.0
MAP3K7	na	0.0	0.0	0.0	0.0	0.0	0.0	0.0
ASCC3	na	0.0	0.0	0.0	0.0	0.0	0.0	0.0
AK9	na	0.0	0.0	0.0	0.0	0.0	0.0	0.0
GTF3C6	na	0.08919858176390554	0.083115325497373	0.10348123180103723	0.14479763624656317	0.09128898242505018	0.08871041458193471	0.09587095110705206
RPF2	na	0.0	0.0	0.0	0.0	0.0	0.0	0.0
TSPYL4	na	0.0	0.0	0.0	0.0	0.0	0.0	0.0
SMPDL3A	na	0.0	0.0	0.0	0.0	0.0	0.0	0.0
NCOA7	na	0.0	0.0	0.0	0.0	0.0	0.0	0.0
IFNGR1	na	0.0	0.0	0.0	0.0	0.0	0.0	0.0
PERP	na	0.28177329793393724	0.2724144679267697	0.43187880927124933	0.25564913685581897	0.2732102916904392	0.21164320283264923	0.5052661417039105
CCDC28A	na	0.0	0.0	0.0	0.0	0.0	0.0	0.0
PHACTR2	na	0.0	0.0	0.0	0.0	0.0	0.0	0.0
ARID1B	na	0.0	0.0	0.0	0.0	0.0	0.0	0.0
PSMB1	na	0.12082113479077837	0.13372977091474586	0.16012244195246783	0.20012590346882086	0.14533620623030913	0.14852731948129938	0.20642114298504716
NUDT1	na	0.0	0.0	0.0	0.0	0.0	0.0	0.0
AP5Z1	na	0.0	0.0	0.0	0.0	0.0	0.0	0.0
RNF216	na	0.0	0.0	0.0	0.0	0.0	0.0	0.0
ZNF316	na	0.0	0.0	0.0	0.0	0.0	0.0	0.0
TWIST1	na	0.0	0.0	0.0	0.0	0.0	0.0	0.0
SCRN1	na	0.0	0.0	0.0	0.0	0.0	0.0	0.0
GARS	na	0.0	0.0	0.0	0.0	0.0	0.0	0.0
AVL9	na	0.0	0.0	0.0	0.0	0.0	0.0	0.0
AOAH	na	0.0	0.0	0.0	0.0	0.0	0.0	0.0
INHBA	na	0.0	0.0	0.0	0.0	0.0	0.0	0.0
PSMA2	na	0.06725418391452909	0.06165591762662742	0.08073828475946143	0.09786625974326352	0.07182361001217547	0.06403458809516444	0.08780759371746705
H2AFV	na	0.09557664732588937	0.07362729258997416	0.11234531480550194	0.13225210260343476	0.09150613475079897	0.08876554078760072	0.10132653030719083
ZNF107	na	0.0	0.0	0.0	0.0	0.0	0.0	0.0
KCTD7	na	0.0	0.0	0.0	0.0	0.0	0.0	0.0
RABGEF1	na	0.0	0.0	0.0	0.0	0.0	0.0	0.0
GTPBP10	na	0.0	0.0	0.0	0.0	0.0	0.0	0.0
AKAP9	na	0.0	0.0	0.0	0.0	0.0	0.0	0.0
COL1A2	na	0.3153683155467983	0.42710442666325477	0.2924346340605267	0.36263780585770755	0.3128178485195192	0.42292158706267924	0.5030340862747213
ZKSCAN1	na	0.0	0.0	0.0	0.0	0.0	0.0	0.0
ZSCAN21	na	0.0	0.0	0.0	0.0	0.0	0.0	0.0
MCM7	na	0.0	0.0	0.0	0.0	0.0	0.0	0.0
CNPY4	na	0.0	0.0	0.0	0.0	0.0	0.0	0.0
LAMTOR4	na	0.08270088891885047	0.08889555108022687	0.10273581298826603	0.1448383804332196	0.09256310010624245	0.1056210408887559	0.08493198435807306
GIGYF1	na	0.0	0.0	0.0	0.0	0.0	0.0	0.0
SRRT	na	0.0	0.0	0.0	0.0	0.0	0.0	0.0
SH2B2	na	0.0	0.0	0.0	0.0	0.0	0.0	0.0
POLR2J3	na	0.0	0.0	0.0	0.0	0.0	0.0	0.0
POLR2J3	na	0.0	0.0	0.0	0.0	0.0	0.0	0.0
POLR2J3	na	0.0	0.0	0.0	0.0	0.0	0.0	0.0
POLR2J3	na	0.0	0.0	0.0	0.0	0.0	0.0	0.0
LRRC17	na	0.0	0.0	0.0	0.0	0.0	0.0	0.0
CPED1	na	0.0	0.0	0.0	0.0	0.0	0.0	0.0
NDUFA5	na	0.07563118720515637	0.06280842758570224	0.0931949965155027	0.11393579360018964	0.0733316577957859	0.08062761125158241	0.07106097334652872
WASL	na	0.0	0.0	0.0	0.0	0.0	0.0	0.0
KMT2C	na	0.0	0.0	0.0	0.0	0.0	0.0	0.0
RBM33	na	0.0	0.0	0.0	0.0	0.0	0.0	0.0
NOM1	na	0.0	0.0	0.0	0.0	0.0	0.0	0.0
NCAPG2	na	0.0	0.0	0.0	0.0	0.0	0.0	0.0
TXLNG	na	0.0	0.0	0.0	0.0	0.0	0.0	0.0
RBM10	na	0.0	0.0	0.0	0.0	0.0	0.0	0.0
PQBP1	na	0.0	0.0	0.0	0.0	0.0	0.0	0.0
PHF8	na	0.0	0.0	0.0	0.0	0.0	0.0	0.0
MED12	na	0.0	0.0	0.0	0.0	0.0	0.0	0.0
ZNF711	na	0.0	0.0	0.0	0.0	0.0	0.0	0.0
AMOT	na	0.0	0.0	0.0	0.0	0.0	0.0	0.0
LAMP2	na	0.06466906321603365	0.02426351038519181	0.10472368743137524	0.11710855159438034	0.07915673082693209	0.06258942271989341	0.07472226107859126
HTATSF1	na	0.0	0.0	0.0	0.0	0.0	0.0	0.0
HMGB3	na	0.0	0.0	0.0	0.0	0.0	0.0	0.0
MECP2	na	0.0	0.0	0.0	0.0	0.0	0.0	0.0
DKC1	na	0.0	0.0	0.0	0.0	0.0	0.0	0.0
VPS37A	na	0.0	0.0	0.0	0.0	0.0	0.0	0.0
NAT1	na	0.0	0.0	0.0	0.0	0.0	0.0	0.0
CCAR2	na	0.0	0.0	0.0	0.0	0.0	0.0	0.0
BNIP3L	na	0.0	0.0	0.0	0.0	0.0	0.0	0.0
ESCO2	na	0.0	0.0	0.0	0.0	0.0	0.0	0.0
PBK	na	0.0	0.0	0.0	0.0	0.0	0.0	0.0
KIF13B	na	0.0	0.0	0.0	0.0	0.0	0.0	0.0
LEPROTL1	na	0.0	0.0	0.0	0.0	0.0	0.0	0.0
PRKDC	na	0.0	0.0	0.0	0.0	0.0	0.0	0.0
SNAI2	na	0.0	0.0	0.0	0.0	0.0	0.0	0.0
CSPP1	na	0.0	0.0	0.0	0.0	0.0	0.0	0.0
TERF1	na	0.0	0.0	0.0	0.0	0.0	0.0	0.0
ZFHX4	na	0.0	0.0	0.0	0.0	0.0	0.0	0.0
PABPC1	na	0.3306275871556162	0.678674577056576	0.31224551493484953	0.22307722950323688	0.3020442394436573	0.6466386518611847	0.7182949971034795
TRPS1	na	0.0	0.0	0.0	0.0	0.0	0.0	0.0
KHDRBS3	na	0.0	0.0	0.0	0.0	0.0	0.0	0.0
MROH1	na	0.0	0.0	0.0	0.0	0.0	0.0	0.0
CYHR1	na	0.0	0.0	0.0	0.0	0.0	0.0	0.0
RECQL4	na	0.0	0.0	0.0	0.0	0.0	0.0	0.0
CBWD1	na	0.0	0.0	0.0	0.0	0.0	0.0	0.0
PUM3	na	0.0	0.0	0.0	0.0	0.0	0.0	0.0
MLLT3	na	0.0	0.0	0.0	0.0	0.0	0.0	0.0
VCP	na	0.0976335290057869	0.021493933921124697	0.2000936591381934	0.21554025575461228	0.12843890219169699	0.06943920721805696	0.1313391450139724
UNC13B	na	0.0	0.0	0.0	0.0	0.0	0.0	0.0
CBWD5	na	0.0	0.0	0.0	0.0	0.0	0.0	0.0
TJP2	na	0.0	0.0	0.0	0.0	0.0	0.0	0.0
VPS13A	na	0.0	0.0	0.0	0.0	0.0	0.0	0.0
FBP1	na	0.0	0.0	0.0	0.0	0.0	0.0	0.0
STX17	na	0.0	0.0	0.0	0.0	0.0	0.0	0.0
NDUFA8	na	0.06787984195772004	0.07338372492220618	0.0878155200393257	0.0951476094345533	0.06939729592728666	0.07986684176798892	0.09888094712826849
STRBP	na	0.0	0.0	0.0	0.0	0.0	0.0	0.0
ARPC5L	na	0.06207245688554934	0.055067126235646136	0.08941652918488792	0.1259772741574841	0.07557184327841851	0.06926575587541377	0.07557238575384348
ZNF79	na	0.0	0.0	0.0	0.0	0.0	0.0	0.0
LRSAM1	na	0.0	0.0	0.0	0.0	0.0	0.0	0.0
CIZ1	na	0.0	0.0	0.0	0.0	0.0	0.0	0.0
ODF2	na	0.0	0.0	0.0	0.0	0.0	0.0	0.0
ASS1	na	0.10489712573081647	0.14101125872384362	0.1294076815410859	0.19165702931280693	0.12815218441485887	0.171311597380316	0.16301095277936967
GTF3C5	na	0.0	0.0	0.0	0.0	0.0	0.0	0.0
CEL	na	0.0	0.0	0.0	0.0	0.0	0.0	0.0
REXO4	na	0.0	0.0	0.0	0.0	0.0	0.0	0.0
ADAMTS13	na	0.0	0.0	0.0	0.0	0.0	0.0	0.0
RABL6	na	0.08388678928269702	0.017147957753753246	0.12015125297028338	0.15490798392650768	0.09126729656171662	0.055857113740936895	0.08182831481220994
DPP7	na	0.059740729776241584	0.01646783422490075	0.09408469069047962	0.11217970937635374	0.07708935651543788	0.0378689572014563	0.055625858173425996
GRIN1	na	0.0	0.0	0.0	0.0	0.0	0.0	0.0
SIGIRR	na	0.0	0.0	0.0	0.0	0.0	0.0	0.0
DRD4	na	0.0	0.0	0.0	0.0	0.0	0.0	0.0
RPLP2	na	0.8819891993426637	1.6601779721711987	0.5481605666607686	0.5963362051993224	0.6850043982786684	1.3480736236751383	1.6550854322599335
TSSC4	na	0.0	0.0	0.0	0.0	0.0	0.0	0.0
TRIM5	na	0.0	0.0	0.0	0.0	0.0	0.0	0.0
TIMM10B	na	0.0	0.0	0.0	0.0	0.0	0.0	0.0
ARL14EP	na	0.0	0.0	0.0	0.0	0.0	0.0	0.0
TCP11L1	na	0.0	0.0	0.0	0.0	0.0	0.0	0.0
FAM111B	na	0.0	0.0	0.0	0.0	0.0	0.0	0.0
UQCC3	na	0.08056392644317878	0.04634697551018602	0.08265985666598769	0.11557276083607707	0.07697511538939511	0.05323857054865131	0.08451335470099723
STX5	na	0.0	0.0	0.0	0.0	0.0	0.0	0.0
ARL2	na	0.0	0.0	0.0	0.0	0.0	0.0	0.0
SIPA1	na	0.0	0.0	0.0	0.0	0.0	0.0	0.0
RBM4	na	0.0	0.0	0.0	0.0	0.0	0.0	0.0
PPFIA1	na	0.0	0.0	0.0	0.0	0.0	0.0	0.0
PAK1	na	0.0	0.0	0.0	0.0	0.0	0.0	0.0
CADM1	na	0.0	0.0	0.0	0.0	0.0	0.0	0.0
CEP164	na	0.0	0.0	0.0	0.0	0.0	0.0	0.0
TMPRSS13	na	0.0	0.0	0.0	0.0	0.0	0.0	0.0
FAM208B	na	0.0	0.0	0.0	0.0	0.0	0.0	0.0
STAM	na	0.0	0.0	0.0	0.0	0.0	0.0	0.0
MSRB2	na	0.0	0.0	0.0	0.0	0.0	0.0	0.0
LYZL2	na	0.0	0.0	0.0	0.0	0.0	0.0	0.0
ZEB1	na	0.0	0.0	0.0	0.0	0.0	0.0	0.0
EPC1	na	0.0	0.0	0.0	0.0	0.0	0.0	0.0
PARD3	na	0.0	0.0	0.0	0.0	0.0	0.0	0.0
AGAP9	na	0.0	0.0	0.0	0.0	0.0	0.0	0.0
ANK3	na	0.0	0.0	0.0	0.0	0.0	0.0	0.0
ARID5B	na	0.0	0.0	0.0	0.0	0.0	0.0	0.0
DNAJC12	na	0.0	0.0	0.0	0.0	0.0	0.0	0.0
DDX50	na	0.0	0.0	0.0	0.0	0.0	0.0	0.0
FAM149B1	na	0.0	0.0	0.0	0.0	0.0	0.0	0.0
DNAJC9	na	0.0	0.0	0.0	0.0	0.0	0.0	0.0
FUT11	na	0.0	0.0	0.0	0.0	0.0	0.0	0.0
KAT6B	na	0.0	0.0	0.0	0.0	0.0	0.0	0.0
COMTD1	na	0.0	0.0	0.0	0.0	0.0	0.0	0.0
KCNMA1	na	0.0	0.0	0.0	0.0	0.0	0.0	0.0
ANXA11	na	0.0	0.0	0.0	0.0	0.0	0.0	0.0
TM9SF3	na	0.06829415323757917	0.0067717137838686214	0.09728651863425705	0.13035152527048322	0.0778266484689409	0.045338393106121096	0.06368242935670237
HPS1	na	0.0	0.0	0.0	0.0	0.0	0.0	0.0
BTRC	na	0.0	0.0	0.0	0.0	0.0	0.0	0.0
DPCD	na	0.0	0.0	0.0	0.0	0.0	0.0	0.0
POLL	na	0.0	0.0	0.0	0.0	0.0	0.0	0.0
HPS6	na	0.0	0.0	0.0	0.0	0.0	0.0	0.0
NOLC1	na	0.0	0.0	0.0	0.0	0.0	0.0	0.0
NFKB2	na	0.0	0.0	0.0	0.0	0.0	0.0	0.0
TCF7L2	na	0.0	0.0	0.0	0.0	0.0	0.0	0.0
SHTN1	na	0.0	0.0	0.0	0.0	0.0	0.0	0.0
RGS10	na	0.0	0.0	0.0	0.0	0.0	0.0	0.0
BUB3	na	0.0	0.0	0.0	0.0	0.0	0.0	0.0
ZRANB1	na	0.0	0.0	0.0	0.0	0.0	0.0	0.0
CTBP2	na	0.0	0.0	0.0	0.0	0.0	0.0	0.0
MKI67	na	0.0	0.0	0.0	0.0	0.0	0.0	0.0
ECHS1	na	0.05688777609084424	0.04793427646625956	0.09869006037699121	0.10496135183932083	0.07641759507618198	0.0663754314483656	0.09020219945387778
RAD51AP1	na	0.0	0.0	0.0	0.0	0.0	0.0	0.0
ENO2	na	0.0	0.0	0.0	0.0	0.0	0.0	0.0
PRH1	na	0.0	0.0	0.0	0.0	0.0	0.0	0.0
FAR2	na	0.0	0.0	0.0	0.0	0.0	0.0	0.0
KIAA1551	na	0.0	0.0	0.0	0.0	0.0	0.0	0.0
KRT18	na	0.2530120572844352	0.4062755267156397	0.23763518903165118	0.19021658478457573	0.2296173975267657	0.4508972430501844	0.5174363739178995
XPOT	na	0.0	0.0	0.0	0.0	0.0	0.0	0.0
VEZT	na	0.0	0.0	0.0	0.0	0.0	0.0	0.0
METAP2	na	0.0	0.0	0.0	0.0	0.0	0.0	0.0
VSIG10	na	0.0	0.0	0.0	0.0	0.0	0.0	0.0
RPLP0	na	0.4985181985744447	0.707519064947852	0.5002801131971344	0.5752341870211732	0.45591018533771965	0.6077170214042424	0.9119808784559501
MLEC	na	0.0	0.0	0.0	0.0	0.0	0.0	0.0
PSMD9	na	0.0	0.0	0.0	0.0	0.0	0.0	0.0
ARL6IP4	na	0.09173100905446208	0.04848025408844778	0.11185386122503327	0.1198527383332023	0.087308996203352	0.06725224816951446	0.10206099015592345
POLE	na	0.0	0.0	0.0	0.0	0.0	0.0	0.0
ZC3H13	na	0.0	0.0	0.0	0.0	0.0	0.0	0.0
MZT1	na	0.0	0.0	0.0	0.0	0.0	0.0	0.0
ABCC4	na	0.0	0.0	0.0	0.0	0.0	0.0	0.0
ERCC5	na	0.0	0.0	0.0	0.0	0.0	0.0	0.0
ABHD13	na	0.0	0.0	0.0	0.0	0.0	0.0	0.0
ACIN1	na	0.0	0.0	0.0	0.0	0.0	0.0	0.0
PABPN1	na	0.0	0.0	0.0	0.0	0.0	0.0	0.0
THTPA	na	0.0	0.0	0.0	0.0	0.0	0.0	0.0
AP1G2	na	0.0	0.0	0.0	0.0	0.0	0.0	0.0
RIPK3	na	0.0	0.0	0.0	0.0	0.0	0.0	0.0
POLE2	na	0.0	0.0	0.0	0.0	0.0	0.0	0.0
ARID4A	na	0.0	0.0	0.0	0.0	0.0	0.0	0.0
ZBTB1	na	0.0	0.0	0.0	0.0	0.0	0.0	0.0
IRF2BPL	na	0.0	0.0	0.0	0.0	0.0	0.0	0.0
TRIP11	na	0.0	0.0	0.0	0.0	0.0	0.0	0.0
BTBD7	na	0.0	0.0	0.0	0.0	0.0	0.0	0.0
YY1	na	0.0	0.0	0.0	0.0	0.0	0.0	0.0
HSP90AA1	na	0.2818865497979908	0.4282096889313626	0.32467273562301907	0.3974462605548497	0.30121438458999095	0.5109914336417274	0.5000234954887004
TECPR2	na	0.0	0.0	0.0	0.0	0.0	0.0	0.0
CDC42BPB	na	0.0	0.0	0.0	0.0	0.0	0.0	0.0
EMC7	na	0.0	0.0	0.0	0.0	0.0	0.0	0.0
SPINT1	na	0.08742803481171571	0.024066152367589244	0.11851240254605197	0.13466942614227517	0.08495151893555239	0.04067577472120057	0.055391578205576775
SERF2	na	1.2261675723749115	2.0711049887675888	1.08283480463854	0.5335464532552581	0.9235219939144701	1.431023233005067	2.434639732291731
PATL2	na	0.0	0.0	0.0	0.0	0.0	0.0	0.0
GALK2	na	0.0	0.0	0.0	0.0	0.0	0.0	0.0
FAM227B	na	0.0	0.0	0.0	0.0	0.0	0.0	0.0
TEX9	na	0.0	0.0	0.0	0.0	0.0	0.0	0.0
MNS1	na	0.0	0.0	0.0	0.0	0.0	0.0	0.0
CGNL1	na	0.0	0.0	0.0	0.0	0.0	0.0	0.0
MTFMT	na	0.0	0.0	0.0	0.0	0.0	0.0	0.0
PML	na	0.0	0.0	0.0	0.0	0.0	0.0	0.0
SRRM2	na	0.09470214986967482	1.5974748875087577e-25	0.21202909000418982	0.23463326144600868	0.13111522524147454	4.5561980556473066e-23	0.05001267949642358
PLA2G10	na	0.0	0.0	0.0	0.0	0.0	0.0	0.0
NPIPA3	na	0.0	0.0	0.0	0.0	0.0	0.0	0.0
NPIPA1	na	0.0	0.0	0.0	0.0	0.0	0.0	0.0
UBFD1	na	0.0	0.0	0.0	0.0	0.0	0.0	0.0
TNRC6A	na	0.0	0.0	0.0	0.0	0.0	0.0	0.0
RABEP2	na	0.0	0.0	0.0	0.0	0.0	0.0	0.0
NFATC2IP	na	0.0	0.0	0.0	0.0	0.0	0.0	0.0
SPNS1	na	0.0	0.0	0.0	0.0	0.0	0.0	0.0
SULT1A3	na	0.0	0.0	0.0	0.0	0.0	0.0	0.0
ZNF768	na	0.0	0.0	0.0	0.0	0.0	0.0	0.0
SRCAP	na	0.0	0.0	0.0	0.0	0.0	0.0	0.0
CCDC113	na	0.0	0.0	0.0	0.0	0.0	0.0	0.0
NAE1	na	0.0	0.0	0.0	0.0	0.0	0.0	0.0
NOL3	na	0.0	0.0	0.0	0.0	0.0	0.0	0.0
EDC4	na	0.0	0.0	0.0	0.0	0.0	0.0	0.0
NQO1	na	0.10824152350455392	0.10541737954279351	0.15840353684164132	0.1458719997163923	0.1174649051812715	0.08888876252425418	0.1909930920470215
NOB1	na	0.0	0.0	0.0	0.0	0.0	0.0	0.0
AARS	na	0.0	0.0	0.0	0.0	0.0	0.0	0.0
ATP2C2	na	0.0	0.0	0.0	0.0	0.0	0.0	0.0
KIAA0513	na	0.0	0.0	0.0	0.0	0.0	0.0	0.0
GSE1	na	0.07614081609311617	0.011037377970500917	0.1202845515148423	0.17726175788224596	0.0989785047921061	0.045860379837409676	0.0894974146134638
DBNDD1	na	0.0	0.0	0.0	0.0	0.0	0.0	0.0
GAS8	na	0.0	0.0	0.0	0.0	0.0	0.0	0.0
NXN	na	0.0	0.0	0.0	0.0	0.0	0.0	0.0
MYO1C	na	0.0	0.0	0.0	0.0	0.0	0.0	0.0
ZZEF1	na	0.0	0.0	0.0	0.0	0.0	0.0	0.0
CYB5D2	na	0.0	0.0	0.0	0.0	0.0	0.0	0.0
ANKFY1	na	0.0	0.0	0.0	0.0	0.0	0.0	0.0
PELP1	na	0.0	0.0	0.0	0.0	0.0	0.0	0.0
KIF1C	na	0.0	0.0	0.0	0.0	0.0	0.0	0.0
NAA38	na	0.06848473810319472	0.09898032410894245	0.0823326569747137	0.09325615276485029	0.06976919561037687	0.08247892054804326	0.10354834525647666
CHD3	na	0.0	0.0	0.0	0.0	0.0	0.0	0.0
MYH10	na	0.0	0.0	0.0	0.0	0.0	0.0	0.0
SUPT6H	na	0.07841912153064307	0.01402398103585864	0.10953197200330513	0.1406982854943293	0.0847050099182674	0.03709564579408913	0.06604385601912843
MYO18A	na	0.0	0.0	0.0	0.0	0.0	0.0	0.0
NUFIP2	na	0.10894734855023425	0.043517868650718355	0.1516546683807193	0.18162216995373612	0.11481883028805911	0.09224210256371557	0.12863926016858726
NF1	na	0.0	0.0	0.0	0.0	0.0	0.0	0.0
AP2B1	na	0.18359401664078207	0.07435851906753177	0.286162716098729	0.3050303274773645	0.19960283074629687	0.15022821973648517	0.23101003335937662
TAF15	na	0.0	0.0	0.0	0.0	0.0	0.0	0.0
AATF	na	0.11324736022728728	0.06871247036317835	0.18071761477781018	0.15443748230645185	0.11834548654720084	0.11260491083892057	0.15445683943643768
ERBB2	na	1.5009873432939216	0.11477254160490524	2.8841089962330115	2.993483436436537	1.7864798004733697	0.34828404167342386	1.8383655910929333
MIEN1	na	0.4801734729081516	0.5433189210721681	0.4966796200062078	0.4794689102574161	0.396048015283662	0.4191690725000248	0.7057339779490471
CDC6	na	0.0	0.0	0.0	0.0	0.0	0.0	0.0
NBR1	na	0.0	0.0	0.0	0.0	0.0	0.0	0.0
GJC1	na	0.0	0.0	0.0	0.0	0.0	0.0	0.0
COL1A1	na	0.330799042674745	0.3541302229288097	0.36714380943622965	0.31007941898205205	0.2969574631432574	0.37024623749256613	0.4550625897925644
MRPL27	na	0.3572187098450159	0.396372910739646	0.437060396716961	0.4060715129437957	0.33276494784895455	0.33123348884264975	0.5256264528938179
RSAD1	na	0.0	0.0	0.0	0.0	0.0	0.0	0.0
ANKRD40	na	0.11012829577621083	0.02615061095339888	0.16673553652753542	0.1805238955329124	0.11738541198097707	0.06630415009162363	0.14603821770287434
LUC7L3	na	0.1633673085121808	0.021161528105883676	0.33444994690522456	0.3311376852322081	0.20490749049920676	0.059758520831199605	0.1723753373696723
NACA2	na	0.0	0.0	0.0	0.0	0.0	0.0	0.0
TEX2	na	0.0	0.0	0.0	0.0	0.0	0.0	0.0
DDX5	na	0.3091802612184019	0.29564684152808673	0.5016124787828915	0.4329624982388939	0.35112881981829336	0.26987242837224223	0.5276122239798662
FAM104A	na	0.0	0.0	0.0	0.0	0.0	0.0	0.0
C17orf80	na	0.0	0.0	0.0	0.0	0.0	0.0	0.0
MRPS7	na	0.0	0.0	0.0	0.0	0.0	0.0	0.0
MRPL38	na	0.0	0.0	0.0	0.0	0.0	0.0	0.0
SRP68	na	0.0	0.0	0.0	0.0	0.0	0.0	0.0
TIMP2	na	0.0648533213349839	0.046201468193283274	0.10674873870440874	0.09959043043062178	0.07654035371893934	0.07444319236092709	0.09599809154068939
GAA	na	0.0	0.0	0.0	0.0	0.0	0.0	0.0
CARD14	na	0.0	0.0	0.0	0.0	0.0	0.0	0.0
SLC16A3	na	0.0	0.0	0.0	0.0	0.0	0.0	0.0
NDUFV2	na	0.08639538294080303	0.13008346832194945	0.1028783568637879	0.11763964497932736	0.09688920759633368	0.13766048914454077	0.18233355413479993
ANKRD12	na	0.0	0.0	0.0	0.0	0.0	0.0	0.0
TUBB6	na	0.0	0.0	0.0	0.0	0.0	0.0	0.0
SEH1L	na	0.0	0.0	0.0	0.0	0.0	0.0	0.0
ESCO1	na	0.0	0.0	0.0	0.0	0.0	0.0	0.0
OSBPL1A	na	0.0	0.0	0.0	0.0	0.0	0.0	0.0
GALNT1	na	0.0	0.0	0.0	0.0	0.0	0.0	0.0
SOX12	na	0.0	0.0	0.0	0.0	0.0	0.0	0.0
MCM8	na	0.0	0.0	0.0	0.0	0.0	0.0	0.0
PLCB1	na	0.0	0.0	0.0	0.0	0.0	0.0	0.0
KIF16B	na	0.0	0.0	0.0	0.0	0.0	0.0	0.0
CD93	na	0.0	0.0	0.0	0.0	0.0	0.0	0.0
GZF1	na	0.0	0.0	0.0	0.0	0.0	0.0	0.0
KIF3B	na	0.0	0.0	0.0	0.0	0.0	0.0	0.0
ZMYND8	na	0.05846377042389456	0.04412761996851397	0.11182855874509773	0.11899718881376911	0.08284273905090388	0.057073620506735215	0.06348425212941475
NCOA3	na	0.0	0.0	0.0	0.0	0.0	0.0	0.0
RNF114	na	0.0	0.0	0.0	0.0	0.0	0.0	0.0
TPD52L2	na	0.07364097315052194	0.0459252026210972	0.11283553471607105	0.12258921869178849	0.08734539270806944	0.06127417848834393	0.09674227465904153
MYT1	na	0.0	0.0	0.0	0.0	0.0	0.0	0.0
WDR18	na	0.0	0.0	0.0	0.0	0.0	0.0	0.0
MBD3	na	0.0	0.0	0.0	0.0	0.0	0.0	0.0
SF3A2	na	0.0	0.0	0.0	0.0	0.0	0.0	0.0
PIAS4	na	0.0	0.0	0.0	0.0	0.0	0.0	0.0
GTF2F1	na	0.0	0.0	0.0	0.0	0.0	0.0	0.0
TRAPPC5	na	0.0	0.0	0.0	0.0	0.0	0.0	0.0
ELAVL1	na	0.0	0.0	0.0	0.0	0.0	0.0	0.0
CERS4	na	0.0	0.0	0.0	0.0	0.0	0.0	0.0
DNM2	na	0.0	0.0	0.0	0.0	0.0	0.0	0.0
DHPS	na	0.0	0.0	0.0	0.0	0.0	0.0	0.0
NOTCH3	na	0.0	0.0	0.0	0.0	0.0	0.0	0.0
USHBP1	na	0.0	0.0	0.0	0.0	0.0	0.0	0.0
BABAM1	na	0.0	0.0	0.0	0.0	0.0	0.0	0.0
JUND	na	0.07910887874260639	0.0018847334335768129	0.16019197175633731	0.19136458556564276	0.1113981218994124	0.04226911408622504	0.1114926979515704
NDUFA13	na	0.1728527409822031	0.14336955852286493	0.23599713266927635	0.2674106430433931	0.18998664517707375	0.16193523101861698	0.27161514494662514
ZNF681	na	0.0	0.0	0.0	0.0	0.0	0.0	0.0
UBA2	na	0.0	0.0	0.0	0.0	0.0	0.0	0.0
COX6B1	na	0.18852023670195645	0.28500105398015435	0.14040215327982153	0.1747889009789449	0.15622777737141785	0.2311271791207674	0.32030101252783955
ARHGAP33	na	0.0	0.0	0.0	0.0	0.0	0.0	0.0
CAPNS1	na	0.089419400798833	0.03735552904671677	0.13872300635510038	0.15633736283667962	0.10133589378178688	0.07972174575312568	0.11971453641108393
SPRED3	na	0.0	0.0	0.0	0.0	0.0	0.0	0.0
FAM98C	na	0.0	0.0	0.0	0.0	0.0	0.0	0.0
RYR1	na	0.0	0.0	0.0	0.0	0.0	0.0	0.0
ZNF428	na	0.0	0.0	0.0	0.0	0.0	0.0	0.0
APOC1	na	0.18814816927961386	0.1925913104365578	0.14924045282018558	0.19633346114643613	0.16106855307422344	0.31237345607257055	0.25303713287381285
CLPTM1	na	0.0	0.0	0.0	0.0	0.0	0.0	0.0
CD3EAP	na	0.0	0.0	0.0	0.0	0.0	0.0	0.0
ERCC1	na	0.0	0.0	0.0	0.0	0.0	0.0	0.0
ZC3H4	na	0.0	0.0	0.0	0.0	0.0	0.0	0.0
CCDC9	na	0.0	0.0	0.0	0.0	0.0	0.0	0.0
NUCB1	na	0.0	0.0	0.0	0.0	0.0	0.0	0.0
SCAF1	na	0.0	0.0	0.0	0.0	0.0	0.0	0.0
MYH14	na	0.0	0.0	0.0	0.0	0.0	0.0	0.0
LILRB4	na	0.0	0.0	0.0	0.0	0.0	0.0	0.0
PPP6R1	na	0.0	0.0	0.0	0.0	0.0	0.0	0.0
IL11	na	0.0	0.0	0.0	0.0	0.0	0.0	0.0
TRMT2A	na	0.0	0.0	0.0	0.0	0.0	0.0	0.0
RANBP1	na	0.07961777812866377	0.05544781232778759	0.08771001026730177	0.0942449583223453	0.07522501727669603	0.08780274723512178	0.08916606612426917
GGT1	na	0.0	0.0	0.0	0.0	0.0	0.0	0.0
CCDC117	na	0.0	0.0	0.0	0.0	0.0	0.0	0.0
MORC2	na	0.0	0.0	0.0	0.0	0.0	0.0	0.0
MYH9	na	0.13532819794407558	0.0897242233346221	0.1903914964568073	0.20236088643149408	0.14081477041633056	0.1450939742691449	0.2122755408825242
TST	na	0.0	0.0	0.0	0.0	0.0	0.0	0.0
SH3BP1	na	0.0	0.0	0.0	0.0	0.0	0.0	0.0
GCAT	na	0.0	0.0	0.0	0.0	0.0	0.0	0.0
MICALL1	na	0.0	0.0	0.0	0.0	0.0	0.0	0.0
PLA2G6	na	0.0	0.0	0.0	0.0	0.0	0.0	0.0
SREBF2	na	0.0	0.0	0.0	0.0	0.0	0.0	0.0
U2AF1L5	na	0.0	0.0	0.0	0.0	0.0	0.0	0.0
LTN1	na	0.0	0.0	0.0	0.0	0.0	0.0	0.0
GART	na	0.0	0.0	0.0	0.0	0.0	0.0	0.0
SON	na	0.09358755016673041	0.05232162927974765	0.15240552613127029	0.21886474894706215	0.1277331984856243	0.1098453076490282	0.11472651764818625
TTC3	na	0.0	0.0	0.0	0.0	0.0	0.0	0.0
